Time	gauge_0	gauge_1	gauge_2	gauge_3	gauge_4	gauge_5	gauge_6	gauge_7	gauge_8	gauge_9	gauge_10
-1	400	455	510	565	620	675	730	785	840	895	950
-2	-9.69	-9.69	-9.43659	-9.63161	-9	-6.25	-3.5	-2.5	-2.5	-2.5	-2.5
-3	0.05	0.05	0.05	0.05	0.05	0.05	0.05	0.05	0.05	0.05	0.05
0.01980061375	-1	-1	-1	-1	-1	-1	-1	-1	-1	-1	-1.0275
0.03750901153	-1	-1	-1	-1	-1	-1	-1	-1	-1	-1	-1.02759
0.06125717709	-1	-1	-1	-1	-1	-1	-1	-1	-1	-1	-1.02772
0.08221034718	-1	-1	-1	-1	-1	-1	-1	-1	-1	-1	-1.02782
0.1017526404	-1	-1	-1	-1	-1	-1	-1.00001	-1	-1	-1	-1.0279
0.1203808343	-1	-1	-1	-1	-1	-1	-1.00001	-1	-1	-1	-1.02797
0.1384015361	-1	-1	-1	-1	-1	-1	-1.00001	-1	-1	-1	-1.02802
0.1602324581	-1	-1	-1	-1	-1	-1	-1.00001	-1	-1	-1	-1.02807
0.1814100857	-1	-1	-1	-1	-1	-1	-1.00001	-1	-1	-1	-1.02811
0.2019874083	-1	-1	-1	-1	-1	-1	-1.00002	-1	-1	-1	-1.02814
0.218149097	-1	-1	-1	-1	-1	-1	-1.00002	-1	-1	-1	-1.02815
0.2418507264	-1	-1	-1	-1	-1	-1	-1.00002	-1	-1	-1	-1.02816
0.2611704379	-1	-1	-1	-1	-1	-1	-1.00003	-1	-1	-1	-1.02816
0.2801823645	-1	-1	-1	-1	-1	-1	-1.00003	-1	-1	-1	-1.02815
0.2990632523	-1	-1	-1	-1	-1	-1	-1.00003	-1	-1	-1	-1.02813
0.3213895576	-1	-1	-1	-1	-1	-1	-1.00004	-1	-1	-1	-1.02811
0.3397572981	-1	-1	-1	-1	-1	-1	-1.00004	-1	-1	-1	-1.02808
0.3611947257	-1	-1	-1	-1	-1	-1	-1.00005	-1	-1	-1	-1.02804
0.378545385	-1	-1	-1	-1	-1	-1	-1.00005	-1	-1	-1	-1.02801
0.3986823915	-1	-1	-1	-1	-1	-1	-1.00006	-1	-1	-1	-1.02796
0.4215605611	-1	-1	-1	-1	-1	-1	-1.00006	-1	-1	-1	-1.02791
0.4403860265	-1	-1	-1	-1	-1	-1	-1.00007	-1	-1	-1	-1.02786
0.4592114918	-1	-1	-1	-1	-1	-1	-1.00008	-1	-1	-1	-1.0278
0.4811745347	-1	-1	-1	-1	-1	-1	-1.00008	-1	-1	-1	-1.02774
0.5	-1	-1	-1	-1	-1	-1	-1.00009	-1	-1	-1	-1.02768
0.5205182073	-1	-1	-1	-1	-1	-1	-1.0001	-1	-1	-1	-1.02761
0.54087693	-1	-1	-1	-1	-1	-1	-1.0001	-1	-1	-1	-1.02754
0.5611074771	-1	-1	-1	-1	-1	-1	-1.00011	-1	-1	-1	-1.02747
0.5813196328	-1	-1	-1	-1	-1	-1	-1.00012	-1	-1	-1	-1.0274
0.5986238592	-1	-1	-1	-1	-1	-1	-1.00013	-1	-1	-1	-1.02734
0.6186505049	-1	-1	-1	-1	-1	-1	-1.00014	-1	-1	-1	-1.02727
0.6412644731	-1	-1	-1	-1	-1	-1	-1.00014	-1	-1	-1	-1.02719
0.6605362168	-1	-1	-1	-1	-1	-1	-1.00015	-1	-1	-1	-1.02712
0.6795225113	-1	-1	-1	-1	-1	-1	-1.00016	-1	-1	-1	-1.02705
0.7008853745	-1.00001	-1	-1	-1	-1	-1	-1.00017	-1	-1	-1	-1.02697
0.7193192105	-1.00001	-1	-1	-1	-1	-1	-1.00018	-1	-1	-1	-1.02691
0.7402037984	-1.00001	-1	-1	-1	-1	-1	-1.00019	-1	-1	-1	-1.02683
0.7610704082	-1.00001	-1	-1	-1	-1	-1	-1.0002	-1	-1	-1	-1.02676
0.7794496075	-1.00001	-1	-1	-1	-1	-1	-1.0002	-1	-1	-1	-1.0267
0.8006884652	-1.00001	-1	-1	-1	-1	-1	-1.00021	-1	-1	-1	-1.02662
0.8195422591	-1.00001	-1	-1	-1	-1	-1	-1.00022	-1	-1	-1	-1.02656
0.841089452	-1.00001	-1	-1	-1	-1	-1	-1.00023	-1	-1	-1	-1.02648
0.8596693408	-1.00001	-1	-1	-1	-1	-1	-1.00023	-1	-1	-1	-1.02642
0.8808513271	-1.00001	-1	-1	-1	-1	-1	-1.00024	-1	-1	-1	-1.02635
0.8993855651	-1.00001	-1	-1	-1	-1	-1	-1.00024	-1	-1	-1	-1.02628
0.9205675514	-1.00001	-1	-1	-1	-1	-1	-1.00025	-1	-1	-1	-1.02621
0.9395091353	-1.00002	-1	-1	-1	-1	-1	-1.00025	-0.999999	-1	-1	-1.02615
0.9587562286	-1.00002	-1	-1	-1	-1	-1	-1.00026	-0.999999	-1	-1	-1.02609
0.9807529067	-1.00002	-1	-1	-1	-1	-1	-1.00026	-0.999999	-1	-1	-1.02601
1	-1.00002	-1	-1	-1	-1	-1	-1.00027	-0.999999	-1	-1	-1.02595
1.020693277	-1.00002	-1	-1	-1	-1	-1	-1.00027	-0.999999	-1	-1	-1.02589
1.041404062	-1.00002	-1	-1	-1	-1	-1	-1.00028	-0.999999	-1	-1	-1.02582
1.059252851	-1.00002	-1	-1	-1	-1	-1	-1.00028	-0.999999	-1	-1	-1.02576
1.080099	-1.00003	-1	-1	-1	-1	-1	-1.00029	-0.999999	-1	-1	-1.0257
1.100923252	-1.00003	-1	-1	-1	-1	-1	-1.00029	-0.999999	-1	-1	-1.02564
1.12139649	-1.00003	-1	-1	-1	-1	-1	-1.0003	-0.999999	-1	-1	-1.02557
1.138582334	-1.00003	-1	-1	-1	-1	-1	-1.0003	-0.999999	-1	-1	-1.02552
1.161034728	-1.00003	-1	-1	-1	-1	-1	-1.00031	-0.999999	-1	-1	-1.02546
1.180345394	-1.00004	-1	-1	-1	-1	-1	-1.00031	-0.999999	-1	-1	-1.0254
1.199374999	-1.00004	-1	-1	-1	-1	-1	-1.00031	-0.999999	-1	-1	-1.02535
1.220772377	-1.00004	-1	-1	-1	-1	-1	-1.00032	-0.999999	-1	-1	-1.02529
1.239135212	-1.00004	-1	-1	-1	-1	-1	-1.00032	-0.999999	-1	-1	-1.02524
1.259741917	-1.00005	-1	-1	-1	-1	-1	-1.00033	-0.999999	-1	-1	-1.02518
1.279915712	-1.00005	-1	-1	-1	-1	-1	-1.00033	-0.999999	-1	-1	-1.02513
1.299665565	-1.00005	-1	-1	-1	-1	-1	-1.00034	-0.999999	-1	-1	-1.02508
1.319086687	-1.00006	-1	-1	-1	-1	-1	-1.00034	-0.999999	-1	-1	-1.02503
1.340406762	-1.00006	-1	-1	-1	-1	-1	-1.00034	-0.999999	-1	-1	-1.02498
1.361110979	-1.00006	-1	-1	-1	-1	-1	-1.00034	-0.999999	-1	-1	-1.02493
1.381082446	-1.00007	-1	-1	-1	-1	-1	-1.00035	-0.999999	-1	-1	-1.02488
1.400372103	-1.00007	-1	-1	-1	-1	-1	-1.00035	-0.999999	-1	-1	-1.02484
1.419127216	-1.00007	-1	-1	-1	-1	-1	-1.00035	-0.999999	-1	-1	-1.02479
1.43938529	-1.00008	-1	-1	-1	-1	-1	-1.00035	-0.999999	-1	-1	-1.02475
1.459085071	-1.00008	-1	-1	-1	-1	-1	-1.00035	-0.999999	-1	-1	-1.02471
1.479907847	-1.00009	-1	-1	-1	-1	-1	-1.00035	-0.999999	-1	-1	-1.02467
1.5	-1.00009	-1	-1	-1	-1	-1	-1.00035	-0.999999	-1	-1	-1.02463
1.51969275	-1.0001	-1	-1	-1	-1	-1	-1.00034	-0.999999	-1	-1	-1.02459
1.539227259	-1.0001	-1	-1	-1	-1	-1	-1.00034	-0.999999	-1	-1	-1.02455
1.560438527	-1.00011	-1	-1	-1	-1	-1	-1.00034	-0.999998	-1	-1	-1.02451
1.579856906	-1.00011	-1	-1	-1	-1	-1	-1.00033	-0.999998	-1	-1	-1.02448
1.599290769	-1.00012	-1	-1	-1	-1	-1	-1.00033	-0.999998	-1	-1	-1.02445
1.620567365	-1.00012	-1	-1	-1	-1	-1	-1.00032	-0.999998	-1	-1	-1.02442
1.640070912	-1.00013	-1	-1	-1	-1	-1	-1.00032	-0.999998	-1	-1	-1.02439
1.659529685	-1.00014	-1	-1	-1	-1	-1	-1.00031	-0.999998	-1	-1	-1.02436
1.680651655	-1.00014	-1	-1	-1	-1	-1	-1.0003	-0.999998	-1	-1	-1.02433
1.69986568	-1.00015	-1	-1	-1	-1	-1	-1.00029	-0.999998	-1	-1	-1.02431
1.720703239	-1.00016	-1	-1	-1	-1	-1	-1.00029	-0.999998	-1	-1	-1.02428
1.739808604	-1.00016	-1	-1	-1	-1	-1	-1.00028	-0.999998	-1	-1	-1.02426
1.760763615	-1.00017	-1	-1	-1	-1	-1	-1.00027	-0.999998	-1	-1	-1.02424
1.780077414	-1.00018	-1	-1	-1	-1	-1	-1.00026	-0.999998	-1	-1	-1.02423
1.799606665	-1.00019	-1	-1	-1	-1	-1	-1.00025	-0.999998	-1	-1	-1.02421
1.819405205	-1.00019	-1	-1	-1	-1	-1	-1.00023	-0.999998	-1	-1	-1.0242
1.8395321	-1.0002	-1	-1	-1	-1	-1	-1.00022	-0.999998	-1	-1	-1.02419
1.859914535	-1.00021	-1	-1	-1	-1	-1	-1.00021	-0.999998	-1	-1	-1.02418
1.880460403	-1.00022	-1	-1	-1	-1	-1	-1.0002	-0.999998	-1	-1	-1.02417
1.899138465	-1.00023	-1	-1	-1	-1	-1	-1.00018	-0.999998	-1	-1	-1.02416
1.919684333	-1.00024	-1	-1	-1	-1	-1	-1.00017	-0.999998	-1	-1	-1.02416
1.940230202	-1.00025	-1	-1	-1	-1	-1	-1.00015	-0.999997	-1	-1	-1.02416
1.96077607	-1.00026	-1	-1	-1	-1	-1	-1.00014	-0.999997	-1	-1	-1.02416
1.979454132	-1.00027	-1	-1	-1	-1	-1	-1.00012	-0.999997	-1	-1	-1.02416
2	-1.00028	-1	-1	-1	-1	-1	-1.00011	-0.999997	-1	-1	-1.02416
2.019449247	-1.00029	-1	-1	-1	-1	-1	-1.00009	-0.999997	-1	-1	-1.02416
2.040881016	-1.0003	-1	-1	-1	-1	-1	-1.00007	-0.999997	-1	-1	-1.02417
2.060326678	-1.00032	-1	-1	-1	-1	-1	-1.00006	-0.999997	-1	-1	-1.02417
2.079686702	-1.00033	-1	-1	-1	-1	-1	-1.00004	-0.999997	-1	-1	-1.02418
2.100849912	-1.00034	-1	-1	-1	-1	-1	-1.00002	-0.999997	-1	-1	-1.02419
2.119965656	-1.00035	-1	-1	-1	-1	-1	-1	-0.999997	-1	-1	-1.0242
2.140885774	-1.00036	-1	-1	-1	-1	-1	-0.99998	-0.999997	-1	-1	-1.02421
2.159886527	-1.00038	-1	-1	-1	-1	-1	-0.999961	-0.999997	-1	-1	-1.02422
2.180818626	-1.00039	-1	-1	-1	-1	-1	-0.99994	-0.999997	-1	-1	-1.02424
2.199817517	-1.0004	-1	-1	-1	-1	-1	-0.99992	-0.999997	-1	-1	-1.02425
2.220716298	-1.00042	-1	-1	-1	-1	-1	-0.999898	-0.999996	-1	-1	-1.02427
2.239715189	-1.00043	-1	-1	-1	-1	-1	-0.999878	-0.999996	-1	-1	-1.02428
2.260613969	-1.00045	-1	-1	-1	-1	-1	-0.999855	-0.999996	-1	-1	-1.0243
2.279750756	-1.00046	-1	-1	-1	-1	-1	-0.999833	-0.999996	-1	-1	-1.02432
2.300906742	-1.00048	-1	-1	-1	-1	-1	-0.99981	-0.999996	-1	-1	-1.02434
2.320256969	-1.00049	-1	-1	-1	-1	-1	-0.999788	-0.999996	-1	-1	-1.02436
2.339794255	-1.00051	-1	-1	-1	-1	-1	-0.999765	-0.999996	-1	-1	-1.02437
2.359529387	-1.00052	-1	-1	-1	-1	-1	-0.999743	-0.999996	-1	-1	-1.02439
2.37931398	-1.00054	-1	-1	-1	-1	-1	-0.99972	-0.999996	-1	-1	-1.02441
2.399098574	-1.00056	-1	-1	-1	-1	-1	-0.999697	-0.999996	-1	-1	-1.02443
2.420861626	-1.00057	-1	-1	-1	-1	-1	-0.999672	-0.999996	-1	-1	-1.02446
2.44064622	-1.00059	-1	-1	-1	-1	-1	-0.999649	-0.999996	-1	-1	-1.02448
2.460430813	-1.00061	-1	-1	-1	-1	-1	-0.999626	-0.999995	-1	-1	-1.0245
2.480215407	-1.00063	-1	-1	-1	-1	-1	-0.999603	-0.999995	-1	-1	-1.02452
2.5	-1.00064	-1	-1	-1	-1	-1	-0.999581	-0.999995	-1	-1	-1.02454
2.519170789	-1.00066	-1	-1	-1	-1	-1.00001	-0.999559	-0.999995	-1	-1	-1.02456
2.540052634	-1.00068	-1	-1	-1	-1	-1.00001	-0.999536	-0.999995	-1	-1	-1.02458
2.56072526	-1.0007	-1	-1	-1	-1	-1.00001	-0.999513	-0.999995	-1	-1	-1.0246
2.579377342	-1.00072	-1	-1	-1	-1	-1.00001	-0.999493	-0.999995	-1	-1	-1.02462
2.59976718	-1.00074	-1	-1	-1	-1	-1.00001	-0.999472	-0.999995	-1	-1	-1.02464
2.62003783	-1.00076	-1	-1	-1	-1	-1.00001	-0.999452	-0.999995	-1	-1	-1.02466
2.640229057	-1.00078	-1	-1	-1	-1	-1.00001	-0.999432	-0.999995	-1	-1	-1.02468
2.660326632	-1.0008	-1	-1	-1	-1	-1.00001	-0.999413	-0.999994	-1	-1	-1.0247
2.680344987	-1.00082	-1	-1	-1	-1	-1.00001	-0.999395	-0.999994	-1	-1	-1.02472
2.700323425	-1.00084	-1	-1	-1	-1	-1.00001	-0.999377	-0.999994	-1	-1	-1.02474
2.720181512	-1.00086	-1	-1	-1	-1	-1.00001	-0.999361	-0.999994	-1	-1	-1.02476
2.740039598	-1.00088	-1	-1	-1	-1	-1.00001	-0.999346	-0.999994	-1	-1	-1.02478
2.759772317	-1.0009	-1	-1	-1	-1	-1.00001	-0.999332	-0.999994	-1	-1	-1.0248
2.7794925	-1.00092	-1	-1	-1	-1	-1.00001	-0.999318	-0.999994	-1	-1	-1.02482
2.799122293	-1.00094	-1.00001	-1	-1	-1	-1.00001	-0.999306	-0.999994	-1	-1	-1.02484
2.820454439	-1.00097	-1.00001	-1	-1	-1	-1.00001	-0.999294	-0.999993	-1	-1	-1.02486
2.840008906	-1.00099	-1.00001	-1	-1	-1	-1.00001	-0.999284	-0.999993	-1	-1	-1.02488
2.859563373	-1.00101	-1.00001	-1	-1	-1	-1.00001	-0.999275	-0.999993	-1	-1	-1.0249
2.880796759	-1.00103	-1.00001	-1	-1	-1	-1.00001	-0.999267	-0.999993	-1	-1	-1.02492
2.900079636	-1.00106	-1.00001	-1	-1	-1	-1.00001	-0.999261	-0.999993	-1	-1	-1.02494
2.919362513	-1.00108	-1.00001	-1	-1	-1	-1.00001	-0.999256	-0.999993	-1	-1	-1.02497
2.940398379	-1.0011	-1.00001	-1	-1	-1	-1.00001	-0.999252	-0.999993	-1	-1	-1.02499
2.959681257	-1.00112	-1.00001	-1	-1	-1	-1.00001	-0.99925	-0.999993	-1	-1	-1.02501
2.980717123	-1.00115	-1.00001	-1	-1	-1	-1.00001	-0.999248	-0.999992	-1	-1	-1.02504
3	-1.00117	-1.00001	-1	-1	-1	-1.00001	-0.999249	-0.999992	-1	-1	-1.02507
3.019163763	-1.00119	-1.00001	-1	-1	-1	-1.00001	-0.99925	-0.999992	-1	-1	-1.0251
3.039994214	-1.00121	-1.00001	-1	-1	-1	-1.00001	-0.999253	-0.999992	-1	-1	-1.02513
3.060811103	-1.00124	-1.00001	-1	-1	-1	-1.00001	-0.999257	-0.999992	-1	-1	-1.02517
3.079831095	-1.00126	-1.00001	-1	-1	-1	-1.00001	-0.999262	-0.999992	-1	-1	-1.0252
3.100580176	-1.00128	-1.00001	-1	-1	-1	-1.00001	-0.999269	-0.999992	-1	-1	-1.02524
3.119600168	-1.00131	-1.00001	-1	-1	-1	-1.00001	-0.999277	-0.999991	-1	-1	-1.02528
3.14034925	-1.00133	-1.00001	-1	-1	-1	-1.00001	-0.999286	-0.999991	-1	-1	-1.02532
3.159395308	-1.00135	-1.00001	-1	-1	-1	-1.00001	-0.999296	-0.999991	-1	-1	-1.02536
3.180248656	-1.00137	-1.00001	-1	-1	-1	-1.00001	-0.999307	-0.999991	-1	-1	-1.02541
3.199403721	-1.0014	-1.00001	-1	-1	-1	-1.00001	-0.999319	-0.999991	-1	-1	-1.02546
3.220231487	-1.00142	-1.00001	-1	-1	-1	-1.00001	-0.999333	-0.999991	-1	-1	-1.02551
3.240793809	-1.00144	-1.00001	-1	-1	-1	-1.00001	-0.999348	-0.99999	-1	-1	-1.02557
3.259427146	-1.00146	-1.00001	-1	-1	-1	-1.00001	-0.999362	-0.99999	-1	-1	-1.02563
3.279541933	-1.00148	-1.00001	-1	-1	-1	-1.00001	-0.999378	-0.99999	-1	-1	-1.02569
3.29949224	-1.00151	-1.00001	-1	-1	-1	-1.00001	-0.999395	-0.99999	-1	-1	-1.02576
3.319264962	-1.00153	-1.00001	-1	-1	-1	-1.00001	-0.999413	-0.99999	-1	-1	-1.02583
3.340500554	-1.00155	-1.00001	-1	-1	-1	-1.00001	-0.999432	-0.999989	-1	-1	-1.0259
3.359926095	-1.00157	-1.00001	-1	-1	-1	-1.00001	-0.999451	-0.999989	-1	-1	-1.02598
3.379246634	-1.00159	-1.00001	-1	-1	-1	-1.00001	-0.99947	-0.999989	-1	-1	-1.02606
3.39991961	-1.00161	-1.00001	-1	-1	-1	-1.00001	-0.999491	-0.999989	-1	-1	-1.02614
3.420571119	-1.00163	-1.00001	-1	-1	-1	-1.00001	-0.999512	-0.999989	-1	-1	-1.02624
3.439634051	-1.00165	-1.00001	-1	-1	-1	-1.00001	-0.999532	-0.999988	-1	-1	-1.02633
3.46028556	-1.00167	-1.00001	-1	-1	-1	-1.00001	-0.999554	-0.999988	-1	-1	-1.02643
3.479348491	-1.00168	-1.00001	-1	-1	-1	-1.00001	-0.999574	-0.999988	-1	-1	-1.02652
3.5	-1.0017	-1.00001	-1	-1	-1	-1.00001	-0.999597	-0.999988	-1	-1	-1.02663
3.520244197	-1.00172	-1.00002	-1	-1	-1	-1.00001	-0.999619	-0.999988	-1	-1	-1.02674
3.540428098	-1.00174	-1.00002	-1	-1	-1	-1.00001	-0.999641	-0.999987	-1	-1	-1.02686
3.560611999	-1.00175	-1.00002	-1	-1	-1	-1.00001	-0.999663	-0.999987	-1	-1	-1.02698
3.579237605	-1.00177	-1.00002	-1	-1	-1	-1.00001	-0.999683	-0.999987	-1	-1	-1.0271
3.599347572	-1.00178	-1.00002	-1	-1	-1	-1.00001	-0.999705	-0.999987	-1	-1	-1.02723
3.61945754	-1.00179	-1.00002	-1	-1	-1	-1.00001	-0.999727	-0.999986	-1	-1	-1.02736
3.639649589	-1.00181	-1.00002	-1	-1	-1	-1.00001	-0.999749	-0.999986	-1	-1	-1.0275
3.659841638	-1.00182	-1.00002	-1	-1	-1	-1.00001	-0.99977	-0.999986	-1	-1	-1.02765
3.68011958	-1.00183	-1.00002	-1	-1	-1	-1.00001	-0.999791	-0.999986	-1	-1	-1.0278
3.700521294	-1.00184	-1.00002	-1	-1	-1	-1.00001	-0.999812	-0.999985	-1	-1	-1.02795
3.719487417	-1.00185	-1.00002	-1	-1	-1	-1.00001	-0.999831	-0.999985	-1	-1	-1.0281
3.740237948	-1.00186	-1.00002	-1	-1	-1	-1.00001	-0.999851	-0.999985	-1	-1	-1.02827
3.759622891	-1.00187	-1.00002	-1	-1	-1	-1.00001	-0.99987	-0.999985	-1	-1	-1.02844
3.779329779	-1.00187	-1.00002	-1	-1	-1	-1.00001	-0.999888	-0.999984	-1	-1	-1.02861
3.79928928	-1.00188	-1.00002	-1	-1	-1	-1.00001	-0.999906	-0.999984	-1	-1	-1.02878
3.820726726	-1.00188	-1.00002	-1	-1	-1	-1.00001	-0.999925	-0.999984	-1	-1	-1.02898
3.840310945	-1.00189	-1.00002	-1	-1	-1	-1.00001	-0.999941	-0.999983	-1	-1	-1.02916
3.859759579	-1.00189	-1.00002	-1	-1	-1	-1.00001	-0.999957	-0.999983	-1	-1	-1.02935
3.880715044	-1.00189	-1.00002	-1	-1	-1	-1.00001	-0.999973	-0.999983	-1	-1	-1.02956
3.900058551	-1.00189	-1.00003	-1	-1	-1	-1.00001	-0.999988	-0.999982	-1	-1	-1.02975
3.919402057	-1.00189	-1.00003	-1	-1	-1	-1.00001	-1	-0.999982	-1	-1	-1.02995
3.940357522	-1.00188	-1.00003	-1	-1	-1	-1.00001	-1.00002	-0.999982	-1	-1	-1.03018
3.959701028	-1.00188	-1.00003	-1	-1	-1	-1.00001	-1.00003	-0.999981	-1	-1	-1.03039
3.980656494	-1.00187	-1.00003	-1	-1	-1	-1.00001	-1.00004	-0.999981	-1	-1	-1.03062
4	-1.00186	-1.00003	-1	-1	-1	-1.00002	-1.00005	-0.999981	-1	-1	-1.03084
4.019732375	-1.00185	-1.00003	-1	-1	-1	-1.00002	-1.00006	-0.99998	-1	-1	-1.03107
4.039595263	-1.00184	-1.00003	-1	-1	-1	-1.00002	-1.00007	-0.99998	-1	-1	-1.0313
4.059608295	-1.00183	-1.00003	-1	-1	-1	-1.00002	-1.00008	-0.99998	-1	-1	-1.03154
4.079799706	-1.00181	-1.00003	-1	-1	-1	-1.00002	-1.00009	-0.999979	-1	-1	-1.03179
4.100182079	-1.00179	-1.00003	-1	-1	-1	-1.00002	-1.0001	-0.999979	-1	-1	-1.03204
4.120798391	-1.00177	-1.00003	-1	-1	-1	-1.00002	-1.00011	-0.999978	-0.999999	-1	-1.0323
4.139926656	-1.00175	-1.00003	-1	-1	-1	-1.00002	-1.00011	-0.999978	-0.999999	-1	-1.03255
4.159328191	-1.00173	-1.00003	-1	-1	-1	-1.00002	-1.00012	-0.999978	-0.999999	-1	-1.0328
4.180820283	-1.00171	-1.00004	-1	-1	-1	-1.00002	-1.00012	-0.999977	-0.999999	-1	-1.03309
4.200886944	-1.00168	-1.00004	-1	-1	-1	-1.00002	-1.00013	-0.999977	-0.999999	-1	-1.03336
4.219480776	-1.00165	-1.00004	-1	-1	-1	-1.00002	-1.00013	-0.999976	-0.999999	-1	-1.03361
4.240389213	-1.00162	-1.00004	-1	-1	-1	-1.00002	-1.00014	-0.999976	-0.999999	-1	-1.0339
4.259843374	-1.00159	-1.00004	-1	-1	-1	-1.00002	-1.00014	-0.999975	-0.999999	-1	-1.03417
4.279760773	-1.00155	-1.00004	-1	-1	-1	-1.00002	-1.00014	-0.999975	-0.999999	-1	-1.03446
4.299602145	-1.00151	-1.00004	-1	-1	-1	-1.00002	-1.00014	-0.999974	-0.999999	-1	-1.03474
4.319443516	-1.00147	-1.00004	-1	-1	-1	-1.00002	-1.00014	-0.999974	-0.999999	-1	-1.03503
4.339088655	-1.00143	-1.00004	-1	-1	-1	-1.00002	-1.00015	-0.999973	-0.999999	-1	-1.03531
4.360674323	-1.00138	-1.00004	-1	-1	-1	-1.00002	-1.00015	-0.999973	-0.999999	-1	-1.03563
4.380297658	-1.00133	-1.00004	-1	-1	-1	-1.00002	-1.00015	-0.999972	-0.999999	-1	-1.03593
4.39995947	-1.00128	-1.00005	-1	-1	-1	-1.00002	-1.00015	-0.999972	-0.999999	-1	-1.03622
4.419967576	-1.00123	-1.00005	-1	-1	-1	-1.00002	-1.00015	-0.999971	-0.999999	-1	-1.03653
4.439975682	-1.00117	-1.00005	-1	-1	-1	-1.00002	-1.00015	-0.99997	-0.999999	-1	-1.03683
4.459983788	-1.00111	-1.00005	-1	-1	-1	-1.00002	-1.00015	-0.99997	-0.999999	-1	-1.03714
4.479991894	-1.00105	-1.00005	-1	-1	-1	-1.00002	-1.00015	-0.999969	-0.999999	-1	-1.03745
4.5	-1.00098	-1.00005	-1	-1	-1	-1.00002	-1.00015	-0.999969	-0.999999	-1	-1.03776
4.521011435	-1.00091	-1.00005	-1	-1	-1	-1.00002	-1.00015	-0.999968	-0.999999	-1	-1.03809
4.540239844	-1.00084	-1.00005	-1	-1	-1	-1.00002	-1.00015	-0.999967	-0.999999	-1	-1.03839
4.559812135	-1.00077	-1.00005	-1	-1	-1	-1.00003	-1.00015	-0.999967	-0.999999	-1	-1.0387
4.579768048	-1.00069	-1.00005	-1	-1	-1	-1.00003	-1.00015	-0.999966	-0.999999	-1	-1.03902
4.600106138	-1.00061	-1.00006	-1	-1	-1	-1.00003	-1.00015	-0.999965	-0.999999	-1	-1.03934
4.620861131	-1.00052	-1.00006	-1	-1	-1	-1.00003	-1.00015	-0.999964	-0.999999	-1	-1.03967
4.639703684	-1.00044	-1.00006	-1	-1	-1	-1.00003	-1.00015	-0.999964	-0.999999	-1	-1.03997
4.658972385	-1.00035	-1.00006	-1	-1	-1	-1.00003	-1.00015	-0.999963	-0.999999	-1	-1.04027
4.681184959	-1.00024	-1.00006	-1	-1	-1	-1.00003	-1.00015	-0.999962	-0.999999	-1	-1.04062
4.698900843	-1.00016	-1.00006	-1	-1	-1	-1.00003	-1.00016	-0.999961	-0.999999	-1	-1.0409
4.719650329	-1.00005	-1.00006	-1	-1	-1	-1.00003	-1.00016	-0.99996	-0.999999	-1	-1.04123
4.740841569	-0.999939	-1.00006	-1	-1	-1	-1.00003	-1.00016	-0.999959	-0.999999	-1	-1.04157
4.75976887	-0.999836	-1.00007	-1	-1	-1	-1.00003	-1.00016	-0.999958	-0.999999	-1	-1.04186
4.778878165	-0.999728	-1.00007	-1	-1	-1	-1.00003	-1.00017	-0.999957	-0.999999	-1	-1.04216
4.800959248	-0.999599	-1.00007	-1	-1	-1	-1.00003	-1.00017	-0.999956	-0.999999	-1	-1.04251
4.820310432	-0.999482	-1.00007	-1	-1	-1	-1.00003	-1.00017	-0.999955	-0.999999	-1	-1.04281
4.839661617	-0.999361	-1.00007	-1	-1	-1	-1.00003	-1.00018	-0.999954	-0.999999	-1	-1.04311
4.859012801	-0.999237	-1.00007	-1	-1	-1	-1.00003	-1.00018	-0.999953	-0.999999	-1	-1.0434
4.88112844	-0.99909	-1.00007	-1	-1	-1	-1.00003	-1.00019	-0.999952	-0.999999	-1	-1.04374
4.900479624	-0.998958	-1.00007	-1	-1	-1	-1.00004	-1.0002	-0.999951	-0.999999	-1	-1.04404
4.919830808	-0.998822	-1.00008	-1	-1	-1	-1.00004	-1.0002	-0.99995	-0.999999	-1	-1.04433
4.939181993	-0.998682	-1.00008	-1	-1	-1	-1.00004	-1.00021	-0.999948	-0.999999	-1	-1.04462
4.961297632	-0.998517	-1.00008	-1	-1	-1	-1.00004	-1.00022	-0.999947	-0.999999	-1	-1.04495
4.980648816	-0.998368	-1.00008	-1	-1	-1	-1.00004	-1.00022	-0.999945	-0.999999	-1	-1.04523
5	-0.998216	-1.00008	-1	-1	-1	-1.00004	-1.00023	-0.999944	-0.999999	-1	-1.04552
5.019337017	-0.998059	-1.00008	-1	-1	-1	-1.00004	-1.00024	-0.999943	-0.999999	-1	-1.0458
5.038770397	-0.997898	-1.00008	-1	-1	-1	-1.00004	-1.00025	-0.999941	-0.999999	-1	-1.04608
5.06099833	-0.997708	-1.00008	-1	-1	-1	-1.00004	-1.00026	-0.999939	-0.999999	-1	-1.0464
5.080447771	-0.997537	-1.00009	-1	-1	-1	-1.00004	-1.00027	-0.999938	-0.999999	-1	-1.04667
5.099897212	-0.997362	-1.00009	-1	-1	-1	-1.00004	-1.00028	-0.999936	-0.999999	-1	-1.04694
5.119346653	-0.997183	-1.00009	-1	-1	-1	-1.00004	-1.00029	-0.999934	-0.999999	-1	-1.04721
5.138919583	-0.996999	-1.00009	-1	-1	-1	-1.00004	-1.00031	-0.999933	-0.999999	-1	-1.04748
5.161402459	-0.996781	-1.00009	-1	-1	-1	-1.00005	-1.00032	-0.99993	-0.999999	-1	-1.04778
5.181274566	-0.996584	-1.00009	-1	-1	-1	-1.00005	-1.00033	-0.999928	-0.999999	-1	-1.04805
5.201300304	-0.996381	-1.00009	-1	-1	-1	-1.00005	-1.00035	-0.999926	-0.999999	-1	-1.04831
5.218591001	-0.996202	-1.0001	-1	-1	-1	-1.00005	-1.00036	-0.999924	-0.999999	-1	-1.04854
5.238993469	-0.995985	-1.0001	-1	-1	-1	-1.00005	-1.00037	-0.999922	-0.999999	-1	-1.0488
5.25966008	-0.995761	-1.0001	-1	-1	-1	-1.00005	-1.00039	-0.99992	-0.999999	-1	-1.04906
5.280620399	-0.995529	-1.0001	-1	-1	-1	-1.00005	-1.0004	-0.999917	-0.999999	-1	-1.04932
5.29878226	-0.995323	-1.0001	-1	-1	-1	-1.00005	-1.00042	-0.999915	-0.999999	-1	-1.04954
5.320123535	-0.995076	-1.0001	-1	-1	-1	-1.00005	-1.00043	-0.999912	-0.999999	-1	-1.0498
5.338633825	-0.994858	-1.0001	-1	-1	-1	-1.00005	-1.00045	-0.999909	-0.999999	-1	-1.05002
5.360356195	-0.994596	-1.00011	-1	-1	-1	-1.00006	-1.00047	-0.999906	-0.999999	-1	-1.05027
5.378975369	-0.994367	-1.00011	-1	-1	-1	-1.00006	-1.00048	-0.999903	-0.999999	-1	-1.05049
5.400697739	-0.994094	-1.00011	-1	-1	-1	-1.00006	-1.0005	-0.999899	-0.999999	-1.00001	-1.05073
5.419834112	-0.993849	-1.00011	-1	-1	-1	-1.00006	-1.00052	-0.999896	-0.999999	-1.00001	-1.05094
5.439073925	-0.993598	-1.00011	-1	-1	-1	-1.00006	-1.00054	-0.999892	-0.999999	-1.00001	-1.05115
5.461520374	-0.9933	-1.00011	-1	-1	-1	-1.00006	-1.00056	-0.999888	-0.999999	-1.00001	-1.05139
5.480760187	-0.993039	-1.00012	-1	-1	-1	-1.00006	-1.00058	-0.999884	-0.999999	-1.00001	-1.0516
5.5	-0.992774	-1.00012	-1	-1	-1	-1.00006	-1.0006	-0.99988	-0.999999	-1.00001	-1.05179
5.519354839	-0.992502	-1.00012	-1	-1	-1	-1.00007	-1.00062	-0.999876	-0.999999	-1.00001	-1.05199
5.538819399	-0.992224	-1.00012	-1	-1	-1	-1.00007	-1.00064	-0.999872	-0.999999	-1.00001	-1.05218
5.561601415	-0.991893	-1.00012	-1	-1	-1	-1.00007	-1.00066	-0.999866	-0.999999	-1.00001	-1.05241
5.581206036	-0.991603	-1.00012	-1	-1	-1	-1.00007	-1.00068	-0.999861	-0.999999	-1.00001	-1.05259
5.600608137	-0.991311	-1.00012	-1	-1	-1	-1.00007	-1.0007	-0.999856	-0.999999	-1.00001	-1.05277
5.619803674	-0.991017	-1.00012	-1	-1	-1	-1.00007	-1.00072	-0.99985	-0.999999	-1.00001	-1.05295
5.641435818	-0.990681	-1.00013	-1	-1	-1	-1.00007	-1.00075	-0.999844	-0.999999	-1.00001	-1.05315
5.658852527	-0.990406	-1.00013	-1	-1	-1	-1.00007	-1.00077	-0.999838	-0.999999	-1.00001	-1.0533
5.681311402	-0.990046	-1.00013	-1	-1	-1	-1.00008	-1.00079	-0.999831	-0.999999	-1.00001	-1.05349
5.701034383	-0.989725	-1.00013	-1	-1	-1	-1.00008	-1.00082	-0.999824	-0.999999	-1.00001	-1.05366
5.721449349	-0.989388	-1.00013	-1	-1	-1	-1.00008	-1.00084	-0.999817	-0.999999	-1.00001	-1.05383
5.739692754	-0.989082	-1.00013	-1	-1	-1	-1.00008	-1.00086	-0.99981	-0.999999	-1.00001	-1.05398
5.758475086	-0.988763	-1.00013	-1	-1	-1	-1.00008	-1.00088	-0.999802	-0.999999	-1.00001	-1.05414
5.780103805	-0.98839	-1.00014	-1	-1	-1	-1.00008	-1.00091	-0.999793	-0.999999	-1.00001	-1.05431
5.801267523	-0.98802	-1.00014	-1	-1	-1	-1.00008	-1.00093	-0.999784	-0.999999	-1.00001	-1.05447
5.819017379	-0.987705	-1.00014	-1	-1	-1	-1.00009	-1.00096	-0.999776	-0.999999	-1.00001	-1.0546
5.839450901	-0.987338	-1.00014	-1	-1	-1	-1.00009	-1.00098	-0.999766	-0.999999	-1.00001	-1.05475
5.859519538	-0.986973	-1.00014	-1	-1	-1	-1.00009	-1.001	-0.999756	-0.999999	-1.00001	-1.0549
5.879588176	-0.986603	-1.00014	-1	-1	-1	-1.00009	-1.00103	-0.999745	-0.999999	-1.00001	-1.05504
5.899247249	-0.986237	-1.00014	-1	-1	-1	-1.00009	-1.00105	-0.999735	-0.999999	-1.00001	-1.05518
5.918838062	-0.985867	-1.00014	-1	-1	-1	-1.00009	-1.00108	-0.999724	-0.999998	-1.00001	-1.05531
5.941227562	-0.985439	-1.00014	-1	-1	-1	-1.00009	-1.0011	-0.999711	-0.999998	-1.00001	-1.05546
5.960818375	-0.985059	-1.00014	-1	-1	-1	-1.0001	-1.00113	-0.999699	-0.999998	-1.00001	-1.05559
5.980409187	-0.984676	-1.00015	-1	-1	-1	-1.0001	-1.00115	-0.999687	-0.999998	-1.00001	-1.05572
6	-0.984288	-1.00015	-1	-1	-1	-1.0001	-1.00118	-0.999673	-0.999998	-1.00001	-1.05584
6.018845476	-0.983911	-1.00015	-1	-1	-1	-1.0001	-1.0012	-0.999657	-0.999998	-1.00001	-1.05595
6.040199572	-0.98348	-1.00015	-1	-1	-1	-1.0001	-1.00122	-0.999634	-0.999998	-1.00001	-1.05608
6.058804214	-0.9831	-1.00015	-1	-1	-1	-1.0001	-1.00125	-0.99961	-0.999998	-1.00001	-1.05619
6.080066661	-0.982661	-1.00015	-1	-1	-1	-1.00011	-1.00127	-0.999576	-0.999998	-1.00001	-1.05631
6.098688904	-0.982273	-1.00015	-1	-1	-1	-1.00011	-1.00129	-0.99954	-0.999998	-1.00001	-1.05641
6.120165967	-0.981821	-1.00015	-1	-1	-1	-1.00011	-1.00132	-0.999489	-0.999998	-1.00001	-1.05653
6.139157668	-0.981418	-1.00015	-1	-1	-1	-1.00011	-1.00134	-0.999433	-0.999998	-1.00001	-1.05663
6.16086247	-0.980953	-1.00015	-1	-1	-1	-1.00011	-1.00137	-0.999352	-0.999998	-1.00001	-1.05674
6.179854172	-0.980542	-1.00015	-1	-1	-1	-1.00011	-1.00139	-0.999271	-0.999998	-1.00001	-1.05684
6.198845874	-0.980128	-1.00015	-1	-1	-1	-1.00012	-1.00141	-0.999184	-0.999998	-1.00001	-1.05693
6.220747992	-0.979646	-1.00015	-1	-1	-1	-1.00012	-1.00144	-0.999079	-0.999998	-1.00001	-1.05704
6.240160299	-0.979215	-1.00015	-1	-1	-1	-1.00012	-1.00146	-0.998982	-0.999998	-1.00001	-1.05712
6.259843698	-0.978775	-1.00015	-1	-1	-1	-1.00012	-1.00148	-0.998883	-0.999998	-1.00001	-1.05721
6.279965293	-0.978322	-1.00015	-1	-1	-1	-1.00012	-1.00151	-0.998784	-0.999998	-1.00001	-1.0573
6.29999896	-0.977868	-1.00015	-1	-1	-1	-1.00013	-1.00153	-0.998689	-0.999998	-1.00001	-1.05738
6.319593097	-0.97742	-1.00015	-1	-1	-1	-1.00013	-1.00155	-0.998604	-0.999998	-1.00001	-1.05746
6.338887234	-0.976977	-1.00015	-1	-1	-1	-1.00013	-1.00157	-0.998533	-0.999998	-1.00001	-1.05754
6.360733033	-0.976471	-1.00015	-1	-1	-1	-1.00013	-1.0016	-0.99847	-0.999998	-1.00001	-1.05762
6.379526845	-0.976033	-1.00015	-1	-1	-1	-1.00013	-1.00162	-0.998424	-0.999998	-1.00001	-1.05769
6.400944295	-0.975531	-1.00015	-1	-1	-1	-1.00013	-1.00164	-0.998375	-0.999998	-1.00001	-1.05776
6.419684564	-0.975089	-1.00015	-1	-1	-1	-1.00014	-1.00166	-0.998342	-0.999998	-1.00001	-1.05783
6.441102013	-0.974582	-1.00015	-1.00001	-1	-1	-1.00014	-1.00168	-0.998323	-0.999998	-1.00001	-1.0579
6.459842282	-0.974135	-1.00015	-1.00001	-1	-1	-1.00014	-1.0017	-0.998322	-0.999998	-1.00001	-1.05796
6.481259731	-0.973622	-1.00015	-1.00001	-1	-1	-1.00014	-1.00172	-0.998339	-0.999998	-1.00001	-1.05802
6.5	-0.973171	-1.00015	-1.00001	-1	-1	-1.00014	-1.00174	-0.998368	-0.999998	-1.00001	-1.05808
6.519248145	-0.972706	-1.00015	-1.00001	-1	-1	-1.00015	-1.00175	-0.998411	-0.999998	-1.00001	-1.05813
6.538849626	-0.97223	-1.00014	-1.00001	-1	-1	-1.00015	-1.00177	-0.998468	-0.999998	-1.00001	-1.05818
6.558831132	-0.971743	-1.00014	-1.00001	-1	-1	-1.00015	-1.00179	-0.998544	-0.999998	-1.00001	-1.05823
6.581379352	-0.971192	-1.00014	-1.00001	-1	-1	-1.00015	-1.00181	-0.998649	-0.999998	-1.00001	-1.05829
6.600728426	-0.970717	-1.00014	-1.00001	-1	-1	-1.00015	-1.00183	-0.998759	-0.999998	-1.00001	-1.05833
6.619776494	-0.970248	-1.00014	-1.00001	-1	-1	-1.00015	-1.00184	-0.998876	-0.999998	-1.00001	-1.05837
6.641271296	-0.969717	-1.00014	-1.00001	-1	-1	-1.00016	-1.00186	-0.999011	-0.999998	-1.00001	-1.05841
6.659890986	-0.969256	-1.00013	-1.00001	-1	-1	-1.00016	-1.00188	-0.999128	-0.999998	-1.00001	-1.05845
6.681022267	-0.968732	-1.00013	-1.00001	-1	-1	-1.00016	-1.00189	-0.999259	-0.999998	-1.00001	-1.05849
6.699475524	-0.968273	-1.00013	-1.00001	-1	-1	-1.00016	-1.00191	-0.99937	-0.999998	-1.00001	-1.05852
6.720564961	-0.967748	-1.00013	-1.00001	-1	-1	-1.00016	-1.00192	-0.999492	-0.999998	-1.00001	-1.05855
6.739018218	-0.967288	-1.00012	-1.00001	-1	-1	-1.00016	-1.00193	-0.999594	-0.999998	-1.00001	-1.05858
6.760107655	-0.966761	-1.00012	-1.00001	-1	-1	-1.00017	-1.00195	-0.999699	-0.999998	-1.00001	-1.0586
6.778765949	-0.966294	-1.00012	-1.00001	-1	-1	-1.00017	-1.00196	-0.999785	-0.999998	-1.00001	-1.05862
6.800226403	-0.965757	-1.00012	-1.00001	-1	-1	-1.00017	-1.00197	-0.999876	-0.999998	-1.00001	-1.05865
6.819241282	-0.965281	-1.00011	-1.00001	-1	-1	-1.00017	-1.00199	-0.99995	-0.999998	-1.00001	-1.05866
6.841331021	-0.964728	-1.00011	-1.00001	-1	-1	-1.00017	-1.002	-1.00003	-0.999998	-1.00001	-1.05868
6.861026773	-0.964235	-1.00011	-1.00001	-1	-1	-1.00017	-1.00201	-1.00009	-0.999998	-1.00001	-1.05869
6.881188372	-0.96373	-1.0001	-1.00001	-1	-1	-1.00018	-1.00202	-1.00015	-0.999998	-1.00001	-1.05871
6.90099031	-0.963234	-1.0001	-1.00001	-1	-1	-1.00018	-1.00203	-1.0002	-0.999997	-1.00001	-1.05871
6.920697953	-0.962742	-1.00009	-1.00001	-1	-1	-1.00018	-1.00204	-1.00025	-0.999997	-1.00001	-1.05872
6.939839827	-0.962264	-1.00009	-1.00001	-1	-1	-1.00018	-1.00205	-1.00029	-0.999997	-1.00001	-1.05873
6.9589817	-0.961787	-1.00008	-1.00001	-1	-1	-1.00018	-1.00206	-1.00032	-0.999997	-1.00001	-1.05873
6.980858127	-0.961243	-1.00008	-1.00001	-1	-1	-1.00018	-1.00207	-1.00036	-0.999997	-1.00001	-1.05873
7	-0.960767	-1.00007	-1.00001	-1	-1	-1.00018	-1.00208	-1.00038	-0.999997	-1.00001	-1.05874
7.018817204	-0.960301	-1.00007	-1.00001	-1	-1	-1.00018	-1.00209	-1.00041	-0.999997	-1.00001	-1.05874
7.040322581	-0.95977	-1.00006	-1.00001	-1	-1	-1.00019	-1.00209	-1.00043	-0.999997	-1.00001	-1.05874
7.059139785	-0.959306	-1.00006	-1.00001	-1	-1	-1.00019	-1.0021	-1.00044	-0.999997	-1.00001	-1.05873
7.080679406	-0.958777	-1.00005	-1.00001	-1	-1	-1.00019	-1.00211	-1.00045	-0.999997	-1.00001	-1.05873
7.099652777	-0.958313	-1.00004	-1.00001	-1	-1	-1.00019	-1.00212	-1.00046	-0.999997	-1.00001	-1.05873
7.118774468	-0.957846	-1.00004	-1.00001	-1	-1	-1.00019	-1.00212	-1.00047	-0.999997	-1.00001	-1.05872
7.140897818	-0.957309	-1.00003	-1.00001	-1	-1	-1.00019	-1.00213	-1.00047	-0.999997	-1.00001	-1.05872
7.160561493	-0.956834	-1.00002	-1.00001	-1	-1	-1.00019	-1.00214	-1.00047	-0.999997	-1.00001	-1.05871
7.180556391	-0.956353	-1.00002	-1.00001	-1	-1	-1.00019	-1.00214	-1.00047	-0.999997	-1.00001	-1.05871
7.200942878	-0.955866	-1.00001	-1.00001	-1	-1	-1.00019	-1.00215	-1.00047	-0.999997	-1.00001	-1.0587
7.218800224	-0.955441	-1	-1.00001	-1	-1	-1.00019	-1.00215	-1.00047	-0.999997	-1.00001	-1.05869
7.239642012	-0.954947	-0.999992	-1.00001	-1	-1	-1.00019	-1.00216	-1.00046	-0.999997	-1.00001	-1.05868
7.260214697	-0.954463	-0.999983	-1.00001	-1	-1	-1.00019	-1.00217	-1.00045	-0.999997	-1.00001	-1.05867
7.280573128	-0.953988	-0.999973	-1.00001	-1	-1	-1.00019	-1.00217	-1.00044	-0.999997	-1.00001	-1.05867
7.300783498	-0.953519	-0.999964	-1.00001	-1	-1	-1.0002	-1.00218	-1.00043	-0.999997	-1.00001	-1.05866
7.320993867	-0.953053	-0.999954	-1.00001	-1	-1	-1.0002	-1.00218	-1.00042	-0.999997	-1.00001	-1.05865
7.340883438	-0.952598	-0.999944	-1.00001	-1	-1	-1.0002	-1.00219	-1.00041	-0.999997	-1.00001	-1.05864
7.360773008	-0.952146	-0.999934	-1.00001	-1	-1	-1.0002	-1.00219	-1.0004	-0.999997	-1.00001	-1.05863
7.380662578	-0.951698	-0.999923	-1.00001	-1	-1	-1.0002	-1.0022	-1.00038	-0.999997	-1.00001	-1.05862
7.400552149	-0.951254	-0.999912	-1.00001	-1	-1	-1.0002	-1.0022	-1.00037	-0.999997	-1.00001	-1.05861
7.420725856	-0.950807	-0.999901	-1.00001	-1	-1	-1.00019	-1.00221	-1.00035	-0.999997	-1.00001	-1.0586
7.441278412	-0.950356	-0.999889	-1.00001	-1	-1	-1.00019	-1.00221	-1.00033	-0.999997	-1.00001	-1.05859
7.458894888	-0.949973	-0.999878	-1.00001	-1	-1	-1.00019	-1.00222	-1.00032	-0.999997	-1.00001	-1.05858
7.479447444	-0.94953	-0.999865	-1.00001	-1	-1	-1.00019	-1.00222	-1.0003	-0.999997	-1.00001	-1.05857
7.5	-0.949091	-0.999852	-1.00001	-1	-1	-1.00019	-1.00223	-1.00028	-0.999997	-1.00001	-1.05857
7.518540956	-0.9487	-0.999839	-1.00001	-1	-1	-1.00019	-1.00223	-1.00027	-0.999997	-1.00001	-1.05856
7.540698897	-0.948237	-0.999824	-1.00001	-1	-1	-1.00019	-1.00224	-1.00025	-0.999997	-1.00001	-1.05855
7.559769057	-0.947843	-0.999811	-1.00001	-1	-1	-1.00019	-1.00225	-1.00023	-0.999997	-1.00001	-1.05854
7.578567739	-0.947458	-0.999797	-1.00001	-1	-1	-1.00019	-1.00225	-1.00022	-0.999997	-1.00001	-1.05853
7.600212154	-0.947021	-0.999781	-1.00001	-1	-1	-1.00019	-1.00226	-1.0002	-0.999996	-1.00001	-1.05853
7.618568543	-0.946655	-0.999766	-1.00001	-1	-1	-1.00019	-1.00226	-1.00018	-0.999996	-1.00001	-1.05852
7.639805662	-0.946236	-0.999749	-1.00001	-1	-1	-1.00018	-1.00227	-1.00016	-0.999996	-1.00001	-1.05851
7.660915284	-0.945825	-0.999732	-1.00001	-1	-1	-1.00018	-1.00228	-1.00015	-0.999996	-1.00001	-1.05851
7.678919782	-0.945479	-0.999717	-1.00001	-1	-1	-1.00018	-1.00228	-1.00013	-0.999996	-1.00001	-1.0585
7.69992503	-0.945081	-0.999698	-1.00001	-1	-1	-1.00018	-1.00229	-1.00012	-0.999996	-1.00001	-1.0585
7.720930278	-0.944689	-0.99968	-1.00002	-1	-1	-1.00018	-1.0023	-1.0001	-0.999996	-1.00001	-1.0585
7.739099653	-0.944354	-0.999663	-1.00002	-1	-1	-1.00017	-1.00231	-1.00009	-0.999996	-1.00001	-1.0585
7.760411571	-0.943968	-0.999643	-1.00002	-1	-1	-1.00017	-1.00231	-1.00007	-0.999996	-1.00001	-1.05849
7.77884145	-0.943638	-0.999625	-1.00002	-1	-1	-1.00017	-1.00232	-1.00006	-0.999996	-1.00001	-1.05849
7.800645814	-0.943255	-0.999603	-1.00002	-1	-1	-1.00017	-1.00233	-1.00005	-0.999996	-1.00001	-1.05849
7.819335269	-0.942931	-0.999584	-1.00002	-1	-1	-1.00016	-1.00234	-1.00003	-0.999996	-1.00001	-1.05849
7.841139633	-0.94256	-0.999561	-1.00002	-1	-1	-1.00016	-1.00235	-1.00002	-0.999996	-1.00001	-1.05849
7.859829088	-0.942247	-0.999541	-1.00002	-1	-1	-1.00016	-1.00236	-1.00001	-0.999996	-1.00001	-1.05849
7.878518543	-0.94194	-0.99952	-1.00002	-1	-1	-1.00015	-1.00237	-1	-0.999996	-1.00001	-1.0585
7.89991305	-0.941594	-0.999495	-1.00002	-1	-1	-1.00015	-1.00238	-0.999991	-0.999996	-1.00001	-1.0585
7.921143616	-0.941258	-0.999471	-1.00002	-1	-1	-1.00015	-1.00239	-0.999981	-0.999996	-1.00001	-1.0585
7.939341243	-0.940975	-0.999449	-1.00002	-1	-1	-1.00014	-1.0024	-0.999972	-0.999996	-1.00001	-1.05851
7.960571808	-0.940652	-0.999423	-1.00002	-1	-1	-1.00014	-1.00241	-0.999963	-0.999996	-1.00001	-1.05851
7.978769435	-0.94038	-0.9994	-1.00002	-1	-1	-1.00013	-1.00242	-0.999955	-0.999996	-1.00001	-1.05851
8	-0.940069	-0.999372	-1.00002	-1	-1	-1.00013	-1.00243	-0.999947	-0.999996	-1.00001	-1.05852
8.020921347	-0.93977	-0.999344	-1.00002	-1	-1	-1.00012	-1.00244	-0.999939	-0.999996	-1.00001	-1.05853
8.03877521	-0.93952	-0.99932	-1.00002	-1	-1	-1.00012	-1.00245	-0.999933	-0.999996	-1.00001	-1.05853
8.059604717	-0.939234	-0.999291	-1.00002	-1	-1	-1.00011	-1.00247	-0.999926	-0.999996	-1.00001	-1.05854
8.080434224	-0.938956	-0.999261	-1.00002	-1	-1	-1.00011	-1.00248	-0.999919	-0.999996	-1.00001	-1.05855
8.10126373	-0.938684	-0.999231	-1.00002	-1	-1	-1.0001	-1.00249	-0.999912	-0.999996	-1.00001	-1.05856
8.119117593	-0.938457	-0.999204	-1.00002	-1	-1	-1.0001	-1.00251	-0.999907	-0.999996	-1.00001	-1.05857
8.139829948	-0.9382	-0.999172	-1.00002	-1	-1	-1.00009	-1.00252	-0.999901	-0.999995	-1.00001	-1.05857
8.160350252	-0.937952	-0.99914	-1.00002	-1	-1	-1.00008	-1.00253	-0.999896	-0.999995	-1.00001	-1.05858
8.180671177	-0.937713	-0.999107	-1.00002	-1	-1	-1.00008	-1.00255	-0.99989	-0.999995	-1.00001	-1.05859
8.200809031	-0.937483	-0.999074	-1.00002	-1	-1	-1.00007	-1.00256	-0.999885	-0.999995	-1.00001	-1.05861
8.220755096	-0.937262	-0.99904	-1.00002	-1	-1	-1.00006	-1.00257	-0.99988	-0.999995	-1.00001	-1.05862
8.240554282	-0.937049	-0.999006	-1.00002	-1	-1	-1.00005	-1.00259	-0.999875	-0.999995	-1.00001	-1.05863
8.260294717	-0.936843	-0.998971	-1.00002	-1	-1	-1.00005	-1.0026	-0.999871	-0.999995	-1.00001	-1.05864
8.280035152	-0.936644	-0.998936	-1.00002	-1	-1	-1.00004	-1.00262	-0.999866	-0.999995	-1.00001	-1.05865
8.300031956	-0.936449	-0.998899	-1.00002	-1	-1	-1.00003	-1.00263	-0.999861	-0.999995	-1.00001	-1.05866
8.320028761	-0.93626	-0.998861	-1.00002	-1	-1	-1.00002	-1.00265	-0.999857	-0.999995	-1.00001	-1.05868
8.340263622	-0.936076	-0.998822	-1.00002	-1	-1	-1.00001	-1.00266	-0.999852	-0.999995	-1.00001	-1.05869
8.360593707	-0.935897	-0.998782	-1.00002	-1	-1	-1.00001	-1.00268	-0.999847	-0.999995	-1.00001	-1.0587
8.380923791	-0.935726	-0.998741	-1.00002	-1	-1	-0.999996	-1.00269	-0.999842	-0.999995	-1.00001	-1.05872
8.401253876	-0.935562	-0.998699	-1.00002	-1	-1	-0.999987	-1.00271	-0.999837	-0.999995	-1.00001	-1.05873
8.418679662	-0.935427	-0.998663	-1.00002	-1	-1	-0.999979	-1.00272	-0.999833	-0.999995	-1.00001	-1.05874
8.439009747	-0.935275	-0.998619	-1.00002	-1	-1.00001	-0.999969	-1.00274	-0.999828	-0.999995	-1.00001	-1.05875
8.459339831	-0.935131	-0.998575	-1.00002	-1	-1.00001	-0.999958	-1.00275	-0.999823	-0.999995	-1.00001	-1.05877
8.479669916	-0.934994	-0.998529	-1.00002	-1	-1.00001	-0.999948	-1.00277	-0.999817	-0.999995	-1.00001	-1.05878
8.5	-0.934863	-0.998483	-1.00002	-1	-1.00001	-0.999937	-1.00278	-0.999812	-0.999995	-1.00001	-1.05879
8.521417683	-0.934734	-0.998433	-1.00002	-1	-1.00001	-0.999926	-1.0028	-0.999806	-0.999995	-1.00001	-1.05881
8.540004794	-0.934627	-0.998389	-1.00002	-1	-1.00001	-0.999915	-1.00281	-0.9998	-0.999995	-1.00001	-1.05882
8.558845756	-0.934526	-0.998343	-1.00002	-1	-1.00001	-0.999904	-1.00283	-0.999795	-0.999995	-1.00001	-1.05883
8.581180601	-0.934413	-0.998287	-1.00002	-1	-1.00001	-0.999891	-1.00284	-0.999788	-0.999995	-1.00001	-1.05885
8.600612198	-0.934322	-0.998238	-1.00002	-1	-1.00001	-0.99988	-1.00286	-0.999781	-0.999994	-1.00001	-1.05886
8.620310181	-0.934236	-0.998187	-1.00002	-1	-1.00001	-0.999868	-1.00288	-0.999775	-0.999994	-1.00001	-1.05887
8.640150375	-0.934156	-0.998135	-1.00002	-1	-1.00001	-0.999855	-1.00289	-0.999768	-0.999994	-1.00001	-1.05888
8.659775202	-0.934083	-0.998082	-1.00002	-1	-1.00001	-0.999843	-1.00291	-0.999761	-0.999994	-1.00001	-1.05889
8.679000004	-0.934019	-0.99803	-1.00002	-1	-1.00001	-0.99983	-1.00292	-0.999754	-0.999994	-1.00001	-1.05889
8.70105618	-0.933952	-0.997968	-1.00002	-1	-1.00001	-0.999816	-1.00294	-0.999745	-0.999994	-1.00001	-1.0589
8.719673201	-0.933903	-0.997915	-1.00002	-1	-1.00001	-0.999803	-1.00295	-0.999738	-0.999994	-1.00001	-1.05891
8.741131783	-0.933853	-0.997853	-1.00002	-1	-1.00001	-0.999788	-1.00297	-0.999729	-0.999994	-1.00001	-1.05892
8.759404834	-0.933817	-0.997799	-1.00002	-1	-1.00001	-0.999775	-1.00298	-0.999721	-0.999994	-1.00001	-1.05893
8.780492089	-0.933782	-0.997735	-1.00002	-1	-1.00001	-0.99976	-1.003	-0.999711	-0.999994	-1.00001	-1.05894
8.798533835	-0.933759	-0.99768	-1.00002	-1	-1.00001	-0.999747	-1.00301	-0.999703	-0.999994	-1.00001	-1.05895
8.819354739	-0.933738	-0.997615	-1.00002	-1	-1.00001	-0.999731	-1.00303	-0.999693	-0.999994	-1.00001	-1.05896
8.840084523	-0.933725	-0.997549	-1.00002	-1	-1.00001	-0.999715	-1.00304	-0.999683	-0.999994	-1.00001	-1.05897
8.860814307	-0.933719	-0.997481	-1.00002	-1	-1.00001	-0.999699	-1.00306	-0.999673	-0.999994	-1.00001	-1.05898
8.878582693	-0.93372	-0.997422	-1.00002	-1	-1.00001	-0.999685	-1.00307	-0.999664	-0.999994	-1.00001	-1.05899
8.899312477	-0.933728	-0.997353	-1.00002	-1	-1.00001	-0.999668	-1.00309	-0.999653	-0.999994	-1.00001	-1.059
8.920042261	-0.933744	-0.997282	-1.00002	-1	-1.00001	-0.999651	-1.0031	-0.999642	-0.999994	-1.00001	-1.05901
8.940772045	-0.933767	-0.997209	-1.00002	-1	-1.00001	-0.999634	-1.00312	-0.99963	-0.999994	-1.00001	-1.05902
8.958540432	-0.933793	-0.997146	-1.00002	-1	-1.00001	-0.999619	-1.00313	-0.99962	-0.999994	-1.00001	-1.05903
8.979270216	-0.93383	-0.997071	-1.00002	-1	-1.00001	-0.999601	-1.00314	-0.999608	-0.999993	-1.00001	-1.05904
9	-0.933875	-0.996995	-1.00002	-1	-1.00001	-0.999583	-1.00316	-0.999596	-0.999993	-1.00001	-1.05905
9.020761618	-0.933928	-0.996917	-1.00002	-1	-1.00001	-0.999564	-1.00317	-0.999583	-0.999993	-1.00001	-1.05906
9.041488535	-0.933988	-0.996838	-1.00002	-1	-1.00001	-0.999545	-1.00319	-0.999571	-0.999993	-1.00001	-1.05907
9.059392582	-0.934046	-0.996768	-1.00002	-1	-1.00001	-0.999529	-1.0032	-0.99956	-0.999993	-1.00001	-1.05907
9.080497915	-0.934122	-0.996685	-1.00002	-1	-1.00001	-0.999509	-1.00321	-0.999546	-0.999993	-1.00001	-1.05908
9.101493646	-0.934206	-0.9966	-1.00002	-1	-1.00001	-0.999489	-1.00323	-0.999533	-0.999993	-1.00001	-1.05909
9.119337214	-0.934283	-0.996527	-1.00002	-1	-1.00001	-0.999472	-1.00324	-0.999521	-0.999993	-1.00001	-1.05909
9.13994612	-0.93438	-0.996442	-1.00002	-1	-1.00001	-0.999452	-1.00325	-0.999508	-0.999993	-1.00001	-1.0591
9.160317022	-0.934483	-0.996356	-1.00002	-1	-1.00001	-0.999432	-1.00327	-0.999494	-0.999993	-1.00001	-1.0591
9.180417204	-0.934592	-0.996269	-1.00002	-1	-1.00001	-0.999412	-1.00328	-0.999481	-0.999993	-1.00001	-1.05911
9.200287368	-0.934707	-0.996182	-1.00002	-1	-1.00001	-0.999392	-1.00329	-0.999468	-0.999993	-1.00001	-1.05911
9.219919666	-0.934828	-0.996095	-1.00002	-1	-1.00001	-0.999372	-1.00331	-0.999454	-0.999993	-1.00001	-1.05912
9.239273997	-0.934954	-0.996008	-1.00002	-1	-1.00001	-0.999352	-1.00332	-0.999441	-0.999993	-1.00001	-1.05912
9.261082318	-0.935105	-0.995908	-1.00002	-1	-1.00001	-0.999329	-1.00333	-0.999426	-0.999993	-1.00001	-1.05912
9.280087134	-0.935244	-0.995819	-1.00002	-1	-1.00001	-0.999309	-1.00334	-0.999413	-0.999993	-1.00001	-1.05912
9.298860183	-0.935388	-0.99573	-1.00002	-1	-1.00001	-0.999289	-1.00336	-0.9994	-0.999993	-1.00001	-1.05912
9.320355125	-0.935562	-0.995627	-1.00002	-1	-1.00001	-0.999266	-1.00337	-0.999385	-0.999992	-1.00001	-1.05912
9.339408369	-0.935723	-0.995534	-1.00002	-1	-1.00001	-0.999245	-1.00338	-0.999371	-0.999992	-1.00001	-1.05912
9.361183506	-0.935916	-0.995425	-1.00002	-1	-1.00001	-0.999221	-1.00339	-0.999356	-0.999992	-1.00001	-1.05912
9.38023675	-0.936093	-0.995329	-1.00002	-1	-1.00001	-0.9992	-1.0034	-0.999343	-0.999992	-1.00001	-1.05912
9.399562183	-0.936279	-0.99523	-1.00002	-1	-1.00001	-0.999178	-1.00342	-0.999329	-0.999992	-1.00001	-1.05911
9.419361753	-0.936478	-0.995127	-1.00001	-1	-1.00001	-0.999156	-1.00343	-0.999315	-0.999992	-1.00001	-1.05911
9.439521315	-0.936689	-0.995021	-1.00001	-1	-1.00001	-0.999133	-1.00344	-0.999301	-0.999992	-1.00001	-1.0591
9.459680877	-0.936909	-0.994913	-1.00001	-1	-1.00001	-0.999109	-1.00345	-0.999287	-0.999992	-1.00001	-1.05909
9.479840438	-0.937136	-0.994803	-1.00001	-1	-1.00001	-0.999086	-1.00346	-0.999273	-0.999992	-1.00002	-1.05908
9.5	-0.937373	-0.994692	-1.00001	-1	-1.00001	-0.999062	-1.00347	-0.999259	-0.999992	-1.00002	-1.05907
9.520923521	-0.937628	-0.994574	-1.00001	-1	-1.00001	-0.999038	-1.00348	-0.999245	-0.999992	-1.00002	-1.05905
9.538965175	-0.937855	-0.994472	-1.00001	-1	-1.00001	-0.999016	-1.00349	-0.999233	-0.999992	-1.00002	-1.05904
9.560139165	-0.938131	-0.99435	-1.00001	-1	-1.00001	-0.998991	-1.00351	-0.999218	-0.999992	-1.00002	-1.05902
9.581480641	-0.938418	-0.994224	-1.00001	-1	-1.00001	-0.998965	-1.00352	-0.999204	-0.999992	-1.00002	-1.059
9.599968402	-0.938676	-0.994115	-1.00001	-1	-1.00001	-0.998943	-1.00353	-0.999192	-0.999991	-1.00002	-1.05897
9.618624539	-0.938944	-0.994002	-1.00001	-1	-1.00001	-0.99892	-1.00354	-0.999179	-0.999991	-1.00002	-1.05895
9.640612705	-0.93927	-0.993868	-1.00001	-1	-1.00001	-0.998893	-1.00355	-0.999165	-0.999991	-1.00002	-1.05892
9.659668563	-0.939562	-0.993749	-1	-1	-1.00001	-0.998869	-1.00355	-0.999153	-0.999991	-1.00002	-1.05889
9.678932607	-0.939865	-0.993628	-1	-1	-1.00001	-0.998846	-1.00356	-0.99914	-0.999991	-1.00002	-1.05886
9.698391237	-0.94018	-0.993504	-1	-1	-1.00001	-0.998821	-1.00357	-0.999128	-0.999991	-1.00002	-1.05883
9.721273144	-0.940563	-0.993356	-1	-1	-1.00001	-0.998793	-1.00358	-0.999114	-0.999991	-1.00002	-1.05879
9.740947981	-0.940902	-0.993227	-1	-1	-1.00001	-0.998768	-1.00359	-0.999103	-0.999991	-1.00002	-1.05875
9.760622818	-0.941251	-0.993097	-0.999999	-1	-1.00001	-0.998743	-1.0036	-0.999091	-0.999991	-1.00002	-1.0587
9.780297655	-0.941609	-0.992964	-0.999998	-1	-1.00001	-0.998718	-1.00361	-0.99908	-0.999991	-1.00002	-1.05866
9.799972492	-0.941978	-0.99283	-0.999996	-1	-1.00001	-0.998694	-1.00362	-0.999069	-0.999991	-1.00002	-1.05861
9.819647328	-0.942356	-0.992694	-0.999995	-1	-1.00001	-0.998669	-1.00362	-0.999058	-0.999991	-1.00002	-1.05857
9.839322165	-0.942744	-0.992556	-0.999994	-1	-1.00001	-0.998644	-1.00363	-0.999047	-0.999991	-1.00002	-1.05851
9.858997002	-0.943142	-0.992416	-0.999992	-1	-1.00001	-0.998619	-1.00364	-0.999037	-0.999991	-1.00002	-1.05846
9.878671839	-0.943551	-0.992275	-0.999991	-1	-1.00001	-0.998593	-1.00365	-0.999027	-0.99999	-1.00002	-1.0584
9.901625816	-0.944041	-0.992107	-0.999989	-1	-1.00001	-0.998564	-1.00365	-0.999016	-0.99999	-1.00002	-1.05834
9.921300652	-0.944472	-0.991962	-0.999987	-1	-1.00001	-0.998539	-1.00366	-0.999007	-0.99999	-1.00002	-1.05827
9.940975489	-0.944914	-0.991815	-0.999985	-1	-1.00001	-0.998514	-1.00367	-0.998998	-0.99999	-1.00002	-1.05821
9.960650326	-0.945367	-0.991666	-0.999984	-1	-1.00001	-0.998489	-1.00367	-0.99899	-0.99999	-1.00002	-1.05814
9.980325163	-0.945831	-0.991515	-0.999982	-1	-1.00001	-0.998464	-1.00368	-0.998981	-0.99999	-1.00002	-1.05807
10	-0.946305	-0.991362	-0.99998	-1	-1.00001	-0.998439	-1.00368	-0.998974	-0.99999	-1.00002	-1.058
