Time	gauge_0	gauge_1	gauge_2	gauge_3	gauge_4	gauge_5	gauge_6	gauge_7	gauge_8	gauge_9	gauge_10
-1	400	455	510	565	620	675	730	785	840	895	950
-2	-9.69	-9.69	-9.43659	-9.63161	-9	-6.25	-3.5	-2.5	-2.5	-2.5	-2.5
-3	0.05	0.05	0.05	0.05	0.05	0.05	0.05	0.05	0.05	0.05	0.05
0.01980061375	-0.02	-0.02	-0.02	-0.02	-0.02	-0.02	-0.0200333	-0.0199999	-0.0199999	-0.0199999	-0.180987
0.03857567393	-0.02	-0.02	-0.02	-0.02	-0.02	-0.02	-0.0200339	-0.0199999	-0.0199999	-0.0199999	-0.181055
0.05797365544	-0.02	-0.02	-0.02	-0.02	-0.02	-0.02	-0.020035	-0.0199999	-0.0199999	-0.0199999	-0.181154
0.08593858744	-0.02	-0.02	-0.02	-0.02	-0.02	-0.02	-0.0200374	-0.0199999	-0.0199999	-0.02	-0.18133
0.1039412576	-0.02	-0.02	-0.02	-0.02	-0.02	-0.02	-0.0200394	-0.0199999	-0.0199999	-0.02	-0.181459
0.125944521	-0.02	-0.02	-0.02	-0.02	-0.02	-0.02	-0.0200423	-0.0199999	-0.0199999	-0.02	-0.18163
0.150881553	-0.02	-0.02	-0.02	-0.02	-0.02	-0.02	-0.0200463	-0.0199999	-0.0199999	-0.02	-0.181838
0.1799747569	-0.02	-0.02	-0.02	-0.02	-0.02	-0.02	-0.0200519	-0.0199999	-0.0199999	-0.02	-0.182097
0.2066435271	-0.02	-0.02	-0.02	-0.02	-0.02	-0.02	-0.0200579	-0.0199999	-0.0199999	-0.02	-0.182347
0.2310898999	-0.02	-0.02	-0.02	-0.02	-0.02	-0.0200001	-0.0200641	-0.0199999	-0.0199999	-0.0200001	-0.182586
0.2555362726	-0.02	-0.02	-0.02	-0.02	-0.02	-0.0200001	-0.020071	-0.0199999	-0.0199999	-0.0200001	-0.182833
0.2777602478	-0.02	-0.02	-0.02	-0.02	-0.02	-0.0200001	-0.0200777	-0.0199999	-0.0199999	-0.0200001	-0.183063
0.299984223	-0.02	-0.02	-0.02	-0.02	-0.02	-0.0200001	-0.0200849	-0.0199999	-0.0199999	-0.0200001	-0.183297
0.3222081983	-0.02	-0.02	-0.02	-0.02	-0.02	-0.0200001	-0.0200924	-0.0199998	-0.0199999	-0.0200002	-0.183536
0.3419628429	-0.02	-0.02	-0.02	-0.02	-0.02	-0.0200001	-0.0200995	-0.0199998	-0.0199999	-0.0200002	-0.183752
0.3617174875	-0.02	-0.02	-0.02	-0.02	-0.02	-0.0200002	-0.0201069	-0.0199998	-0.0199999	-0.0200002	-0.183972
0.3814721322	-0.02	-0.02	-0.02	-0.02	-0.02	-0.0200002	-0.0201146	-0.0199998	-0.0199999	-0.0200002	-0.184195
0.4012267768	-0.0200001	-0.02	-0.02	-0.02	-0.02	-0.0200002	-0.0201225	-0.0199998	-0.0199999	-0.0200003	-0.184422
0.4209814215	-0.0200001	-0.02	-0.02	-0.02	-0.02	-0.0200002	-0.0201307	-0.0199998	-0.0199999	-0.0200003	-0.184652
0.4407360661	-0.0200001	-0.02	-0.02	-0.02	-0.02	-0.0200002	-0.0201391	-0.0199998	-0.0199999	-0.0200003	-0.184886
0.4604907107	-0.0200001	-0.02	-0.02	-0.02	-0.02	-0.0200003	-0.0201478	-0.0199997	-0.0199999	-0.0200004	-0.185123
0.4802453554	-0.0200001	-0.02	-0.02	-0.02	-0.02	-0.0200003	-0.0201567	-0.0199997	-0.0199999	-0.0200004	-0.185363
0.5	-0.0200001	-0.02	-0.02	-0.02	-0.02	-0.0200003	-0.0201658	-0.0199997	-0.0199999	-0.0200004	-0.185606
0.515625	-0.0200001	-0.02	-0.02	-0.02	-0.02	-0.0200003	-0.0201731	-0.0199997	-0.0199999	-0.0200005	-0.185801
0.5441176471	-0.0200002	-0.02	-0.02	-0.02	-0.02	-0.0200004	-0.0201867	-0.0199997	-0.0199999	-0.0200005	-0.186164
0.5571428571	-0.0200002	-0.02	-0.02	-0.02	-0.02	-0.0200004	-0.020193	-0.0199997	-0.0199999	-0.0200005	-0.186332
0.5817460317	-0.0200002	-0.02	-0.02	-0.02	-0.02	-0.0200004	-0.020205	-0.0199996	-0.0199999	-0.0200006	-0.186653
0.6040488365	-0.0200003	-0.02	-0.02	-0.02	-0.02	-0.0200005	-0.0202161	-0.0199996	-0.0199999	-0.0200006	-0.186949
0.624614167	-0.0200003	-0.02	-0.02	-0.02	-0.02	-0.0200005	-0.0202264	-0.0199996	-0.0199999	-0.0200007	-0.187225
0.6441113536	-0.0200003	-0.02	-0.02	-0.02	-0.02	-0.0200005	-0.0202362	-0.0199996	-0.0199999	-0.0200007	-0.18749
0.6625958747	-0.0200004	-0.02	-0.02	-0.02	-0.02	-0.0200006	-0.0202455	-0.0199995	-0.02	-0.0200007	-0.187744
0.6801203272	-0.0200004	-0.02	-0.02	-0.02	-0.02	-0.0200006	-0.0202544	-0.0199995	-0.02	-0.0200008	-0.187987
0.697177461	-0.0200005	-0.02	-0.02	-0.02	-0.02	-0.0200006	-0.0202631	-0.0199995	-0.02	-0.0200008	-0.188225
0.7219453538	-0.0200006	-0.02	-0.02	-0.02	-0.02	-0.0200007	-0.0202758	-0.0199995	-0.02	-0.0200009	-0.188575
0.7383015095	-0.0200006	-0.02	-0.02	-0.02	-0.02	-0.0200007	-0.0202843	-0.0199994	-0.02	-0.0200009	-0.188808
0.762835743	-0.0200007	-0.02	-0.02	-0.02	-0.02	-0.0200007	-0.0202969	-0.0199994	-0.02	-0.0200009	-0.189161
0.779776047	-0.0200008	-0.02	-0.02	-0.02	-0.02	-0.0200008	-0.0203057	-0.0199994	-0.02	-0.020001	-0.189406
0.7967163511	-0.0200009	-0.02	-0.02	-0.02	-0.02	-0.0200008	-0.0203145	-0.0199994	-0.02	-0.020001	-0.189654
0.8214209612	-0.020001	-0.02	-0.02	-0.02	-0.02	-0.0200009	-0.0203273	-0.0199993	-0.02	-0.0200011	-0.190018
0.8366119948	-0.0200011	-0.02	-0.02	-0.02	-0.02	-0.0200009	-0.0203352	-0.0199993	-0.02	-0.0200011	-0.190243
0.8576005725	-0.0200012	-0.02	-0.02	-0.02	-0.02	-0.0200009	-0.0203461	-0.0199993	-0.02	-0.0200011	-0.190557
0.8779433479	-0.0200013	-0.02	-0.02	-0.02	-0.02	-0.020001	-0.0203566	-0.0199992	-0.02	-0.0200012	-0.190865
0.8972154508	-0.0200014	-0.02	-0.02	-0.02	-0.02	-0.020001	-0.0203666	-0.0199992	-0.02	-0.0200012	-0.191158
0.9229115881	-0.0200016	-0.02	-0.02	-0.02	-0.0200001	-0.0200011	-0.0203798	-0.0199991	-0.02	-0.0200013	-0.191552
0.936927663	-0.0200017	-0.02	-0.02	-0.02	-0.0200001	-0.0200011	-0.020387	-0.0199991	-0.02	-0.0200013	-0.191769
0.9579517753	-0.0200019	-0.02	-0.02	-0.02	-0.0200001	-0.0200012	-0.0203977	-0.0199991	-0.02	-0.0200014	-0.192096
0.9789758877	-0.0200021	-0.02	-0.02	-0.02	-0.0200001	-0.0200012	-0.0204084	-0.019999	-0.02	-0.0200014	-0.192425
1	-0.0200023	-0.02	-0.02	-0.02	-0.0200001	-0.0200013	-0.020419	-0.019999	-0.02	-0.0200015	-0.192756
1.016447368	-0.0200025	-0.02	-0.02	-0.02	-0.0200001	-0.0200013	-0.0204273	-0.0199989	-0.02	-0.0200015	-0.193017
1.043330377	-0.0200028	-0.02	-0.02	-0.02	-0.0200001	-0.0200014	-0.0204407	-0.0199989	-0.02	-0.0200016	-0.193446
1.06123899	-0.020003	-0.02	-0.02	-0.02	-0.0200001	-0.0200014	-0.0204496	-0.0199988	-0.02	-0.0200016	-0.193734
1.07878943	-0.0200032	-0.02	-0.02	-0.02	-0.0200001	-0.0200015	-0.0204583	-0.0199988	-0.02	-0.0200017	-0.194017
1.095981698	-0.0200034	-0.02	-0.02	-0.02	-0.0200001	-0.0200015	-0.0204668	-0.0199988	-0.02	-0.0200017	-0.194296
1.119436817	-0.0200038	-0.02	-0.02	-0.02	-0.0200001	-0.0200016	-0.0204782	-0.0199987	-0.02	-0.0200018	-0.19468
1.141822887	-0.0200041	-0.02	-0.02	-0.02	-0.0200001	-0.0200017	-0.020489	-0.0199987	-0.02	-0.0200018	-0.195048
1.156442361	-0.0200043	-0.02	-0.02	-0.02	-0.0200001	-0.0200017	-0.020496	-0.0199986	-0.02	-0.0200019	-0.19529
1.178696449	-0.0200047	-0.02	-0.02	-0.02	-0.0200001	-0.0200018	-0.0205064	-0.0199986	-0.02	-0.0200019	-0.195661
1.202453063	-0.0200051	-0.02	-0.02	-0.02	-0.0200001	-0.0200018	-0.0205175	-0.0199985	-0.02	-0.020002	-0.196059
1.219987079	-0.0200054	-0.02	-0.02	-0.02	-0.0200001	-0.0200019	-0.0205255	-0.0199985	-0.02	-0.020002	-0.196354
1.239345997	-0.0200058	-0.02	-0.02	-0.02	-0.0200001	-0.020002	-0.0205343	-0.0199984	-0.02	-0.0200021	-0.196681
1.261560827	-0.0200062	-0.02	-0.02	-0.02	-0.0200001	-0.020002	-0.0205442	-0.0199983	-0.02	-0.0200021	-0.197058
1.286067075	-0.0200067	-0.02	-0.02	-0.02	-0.0200001	-0.0200021	-0.020555	-0.0199983	-0.02	-0.0200022	-0.197475
1.298651365	-0.020007	-0.02	-0.02	-0.02	-0.0200001	-0.0200021	-0.0205605	-0.0199982	-0.02	-0.0200022	-0.19769
1.324602967	-0.0200076	-0.02	-0.02	-0.02	-0.0200001	-0.0200022	-0.0205716	-0.0199982	-0.02	-0.0200023	-0.198134
1.337131326	-0.0200079	-0.02	-0.02	-0.02	-0.0200001	-0.0200023	-0.0205769	-0.0199981	-0.02	-0.0200023	-0.198349
1.362188045	-0.0200084	-0.02	-0.02	-0.02	-0.0200001	-0.0200023	-0.0205873	-0.0199981	-0.02	-0.0200024	-0.198781
1.374716405	-0.0200088	-0.02	-0.02	-0.02	-0.0200001	-0.0200024	-0.0205924	-0.019998	-0.02	-0.0200024	-0.198997
1.399773124	-0.0200094	-0.02	-0.02	-0.02	-0.0200001	-0.0200025	-0.0206024	-0.0199979	-0.02	-0.0200025	-0.199432
1.424829843	-0.0200101	-0.02	-0.02	-0.02	-0.0200001	-0.0200025	-0.0206122	-0.0199979	-0.02	-0.0200026	-0.199868
1.437358202	-0.0200104	-0.02	-0.02	-0.02	-0.0200001	-0.0200026	-0.020617	-0.0199978	-0.02	-0.0200026	-0.200087
1.462414921	-0.0200111	-0.02	-0.02	-0.02	-0.0200002	-0.0200027	-0.0206263	-0.0199977	-0.02	-0.0200027	-0.200526
1.474943281	-0.0200115	-0.02	-0.02	-0.02	-0.0200002	-0.0200027	-0.0206308	-0.0199977	-0.02	-0.0200027	-0.200746
1.5	-0.0200122	-0.0200001	-0.02	-0.02	-0.0200002	-0.0200028	-0.0206397	-0.0199976	-0.02	-0.0200028	-0.201187
1.523809524	-0.020013	-0.0200001	-0.02	-0.02	-0.0200002	-0.0200029	-0.0206478	-0.0199975	-0.02	-0.0200028	-0.201608
1.535714286	-0.0200134	-0.0200001	-0.02	-0.02	-0.0200002	-0.0200029	-0.0206518	-0.0199975	-0.02	-0.0200029	-0.201818
1.55952381	-0.0200142	-0.0200001	-0.02	-0.02	-0.0200002	-0.020003	-0.0206594	-0.0199974	-0.02	-0.0200029	-0.202241
1.583011583	-0.020015	-0.0200001	-0.02	-0.02	-0.0200002	-0.0200031	-0.0206666	-0.0199973	-0.02	-0.020003	-0.202659
1.594594595	-0.0200154	-0.0200001	-0.02	-0.02	-0.0200002	-0.0200031	-0.0206701	-0.0199973	-0.02	-0.020003	-0.202866
1.617760618	-0.0200163	-0.0200001	-0.02	-0.02	-0.0200002	-0.0200032	-0.0206767	-0.0199972	-0.02	-0.0200031	-0.203279
1.640926641	-0.0200172	-0.0200001	-0.02	-0.02	-0.0200002	-0.0200033	-0.0206831	-0.0199971	-0.02	-0.0200032	-0.203694
1.664092664	-0.0200181	-0.0200001	-0.02	-0.02	-0.0200002	-0.0200034	-0.0206891	-0.019997	-0.02	-0.0200032	-0.20411
1.675675676	-0.0200186	-0.0200001	-0.02	-0.02	-0.0200002	-0.0200034	-0.0206919	-0.0199969	-0.02	-0.0200033	-0.204317
1.698841699	-0.0200196	-0.0200001	-0.02	-0.02	-0.0200002	-0.0200035	-0.0206974	-0.0199968	-0.02	-0.0200033	-0.204734
1.722007722	-0.0200206	-0.0200001	-0.02	-0.02	-0.0200002	-0.0200036	-0.0207025	-0.0199967	-0.02	-0.0200034	-0.20515
1.745173745	-0.0200216	-0.0200001	-0.02	-0.02	-0.0200002	-0.0200037	-0.0207073	-0.0199966	-0.02	-0.0200035	-0.205568
1.756756757	-0.0200222	-0.0200001	-0.02	-0.02	-0.0200002	-0.0200037	-0.0207095	-0.0199966	-0.02	-0.0200035	-0.205776
1.77992278	-0.0200233	-0.0200001	-0.02	-0.02	-0.0200002	-0.0200038	-0.0207137	-0.0199965	-0.02	-0.0200036	-0.206194
1.803088803	-0.0200244	-0.0200001	-0.02	-0.02	-0.0200002	-0.0200039	-0.0207176	-0.0199964	-0.02	-0.0200036	-0.206611
1.814671815	-0.020025	-0.0200001	-0.02	-0.02	-0.0200002	-0.0200039	-0.0207193	-0.0199963	-0.02	-0.0200037	-0.20682
1.837837838	-0.0200262	-0.0200001	-0.02	-0.02	-0.0200002	-0.020004	-0.0207226	-0.0199962	-0.02	-0.0200038	-0.207238
1.861003861	-0.0200275	-0.0200001	-0.02	-0.02	-0.0200002	-0.0200041	-0.0207254	-0.0199961	-0.02	-0.0200038	-0.207655
1.884169884	-0.0200288	-0.0200002	-0.02	-0.02	-0.0200003	-0.0200042	-0.0207279	-0.019996	-0.02	-0.0200039	-0.208073
1.895752896	-0.0200294	-0.0200002	-0.02	-0.02	-0.0200003	-0.0200042	-0.020729	-0.019996	-0.02	-0.0200039	-0.208281
1.918918919	-0.0200308	-0.0200002	-0.02	-0.02	-0.0200003	-0.0200043	-0.0207309	-0.0199958	-0.02	-0.020004	-0.208699
1.942084942	-0.0200322	-0.0200002	-0.02	-0.02	-0.0200003	-0.0200044	-0.0207323	-0.0199957	-0.02	-0.0200041	-0.209115
1.965250965	-0.0200336	-0.0200002	-0.02	-0.02	-0.0200003	-0.0200045	-0.0207333	-0.0199956	-0.02	-0.0200041	-0.209531
1.976833977	-0.0200344	-0.0200002	-0.02	-0.02	-0.0200003	-0.0200045	-0.0207337	-0.0199955	-0.02	-0.0200042	-0.209739
2	-0.0200359	-0.0200002	-0.02	-0.02	-0.0200003	-0.0200046	-0.0207341	-0.0199954	-0.02	-0.0200042	-0.210154
2.023809524	-0.0200375	-0.0200002	-0.02	-0.02	-0.0200003	-0.0200047	-0.0207341	-0.0199953	-0.02	-0.0200043	-0.21058
2.035714286	-0.0200383	-0.0200002	-0.02	-0.02	-0.0200003	-0.0200047	-0.0207339	-0.0199952	-0.02	-0.0200044	-0.210793
2.058928571	-0.02004	-0.0200002	-0.02	-0.02	-0.0200003	-0.0200048	-0.0207333	-0.0199951	-0.02	-0.0200044	-0.211206
2.081837406	-0.0200416	-0.0200003	-0.02	-0.02	-0.0200003	-0.0200049	-0.0207322	-0.019995	-0.02	-0.0200045	-0.211613
2.104440789	-0.0200433	-0.0200003	-0.02	-0.02	-0.0200003	-0.020005	-0.0207307	-0.0199949	-0.02	-0.0200046	-0.212014
2.115742481	-0.0200442	-0.0200003	-0.02	-0.02	-0.0200003	-0.020005	-0.0207298	-0.0199948	-0.02	-0.0200046	-0.212213
2.138013462	-0.020046	-0.0200003	-0.02	-0.02	-0.0200003	-0.0200051	-0.0207278	-0.0199947	-0.02	-0.0200047	-0.212606
2.15995204	-0.0200477	-0.0200003	-0.02	-0.02	-0.0200003	-0.0200052	-0.0207253	-0.0199945	-0.02	-0.0200048	-0.212992
2.181890618	-0.0200495	-0.0200003	-0.02	-0.02	-0.0200003	-0.0200053	-0.0207225	-0.0199944	-0.02	-0.0200048	-0.213376
2.203450945	-0.0200514	-0.0200003	-0.02	-0.02	-0.0200003	-0.0200053	-0.0207193	-0.0199943	-0.02	-0.0200049	-0.213753
2.22463302	-0.0200532	-0.0200003	-0.02	-0.02	-0.0200004	-0.0200054	-0.0207158	-0.0199941	-0.02	-0.020005	-0.214121
2.235224058	-0.0200542	-0.0200004	-0.02	-0.02	-0.0200004	-0.0200054	-0.020714	-0.0199941	-0.02	-0.020005	-0.214305
2.256406133	-0.0200561	-0.0200004	-0.02	-0.02	-0.0200004	-0.0200055	-0.0207099	-0.0199939	-0.02	-0.0200051	-0.214671
2.277588209	-0.0200581	-0.0200004	-0.02	-0.02	-0.0200004	-0.0200056	-0.0207055	-0.0199938	-0.02	-0.0200051	-0.215036
2.298770284	-0.0200601	-0.0200004	-0.02	-0.02	-0.0200004	-0.0200057	-0.0207007	-0.0199937	-0.02	-0.0200052	-0.215399
2.319952359	-0.0200622	-0.0200004	-0.02	-0.02	-0.0200004	-0.0200057	-0.0206956	-0.0199935	-0.0199999	-0.0200053	-0.21576
2.339957653	-0.0200642	-0.0200004	-0.02	-0.02	-0.0200004	-0.0200058	-0.0206903	-0.0199934	-0.0199999	-0.0200054	-0.2161
2.359962946	-0.0200663	-0.0200005	-0.02	-0.02	-0.0200004	-0.0200058	-0.0206848	-0.0199933	-0.0199999	-0.0200054	-0.216439
2.37996824	-0.0200684	-0.0200005	-0.02	-0.02	-0.0200004	-0.0200059	-0.0206789	-0.0199931	-0.0199999	-0.0200055	-0.216776
2.399973533	-0.0200705	-0.0200005	-0.02	-0.02	-0.0200004	-0.020006	-0.0206727	-0.019993	-0.0199999	-0.0200056	-0.217111
2.419978826	-0.0200728	-0.0200005	-0.02	-0.02	-0.0200004	-0.020006	-0.0206661	-0.0199928	-0.0199999	-0.0200056	-0.217445
2.43998412	-0.020075	-0.0200005	-0.02	-0.02	-0.0200004	-0.0200061	-0.0206592	-0.0199927	-0.0199999	-0.0200057	-0.217777
2.459989413	-0.0200773	-0.0200006	-0.02	-0.02	-0.0200004	-0.0200061	-0.020652	-0.0199926	-0.0199999	-0.0200058	-0.218107
2.479994707	-0.0200797	-0.0200006	-0.02	-0.02	-0.0200004	-0.0200062	-0.0206444	-0.0199924	-0.0199999	-0.0200058	-0.218436
2.5	-0.0200821	-0.0200006	-0.02	-0.02	-0.0200004	-0.0200063	-0.0206365	-0.0199923	-0.0199999	-0.0200059	-0.218762
2.519607843	-0.0200845	-0.0200006	-0.02	-0.02	-0.0200005	-0.0200063	-0.0206284	-0.0199921	-0.0199999	-0.020006	-0.219081
2.539215686	-0.020087	-0.0200007	-0.02	-0.02	-0.0200005	-0.0200064	-0.02062	-0.019992	-0.0199999	-0.020006	-0.219397
2.558823529	-0.0200895	-0.0200007	-0.02	-0.02	-0.0200005	-0.0200064	-0.0206112	-0.0199919	-0.0199999	-0.0200061	-0.219712
2.578431373	-0.0200921	-0.0200007	-0.02	-0.02	-0.0200005	-0.0200065	-0.0206022	-0.0199917	-0.0199999	-0.0200062	-0.220025
2.598039216	-0.0200947	-0.0200007	-0.02	-0.02	-0.0200005	-0.0200065	-0.0205928	-0.0199916	-0.0199999	-0.0200063	-0.220337
2.617647059	-0.0200974	-0.0200008	-0.02	-0.02	-0.0200005	-0.0200065	-0.0205831	-0.0199914	-0.0199999	-0.0200063	-0.220646
2.637254902	-0.0201001	-0.0200008	-0.02	-0.02	-0.0200005	-0.0200066	-0.0205731	-0.0199913	-0.0199999	-0.0200064	-0.220954
2.656862745	-0.0201029	-0.0200008	-0.02	-0.02	-0.0200005	-0.0200066	-0.0205627	-0.0199911	-0.0199999	-0.0200065	-0.22126
2.676470588	-0.0201058	-0.0200008	-0.02	-0.02	-0.0200005	-0.0200067	-0.0205521	-0.019991	-0.0199999	-0.0200065	-0.221564
2.696078431	-0.0201087	-0.0200009	-0.02	-0.02	-0.0200005	-0.0200067	-0.0205411	-0.0199908	-0.0199999	-0.0200066	-0.221866
2.715686275	-0.0201116	-0.0200009	-0.02	-0.02	-0.0200005	-0.0200067	-0.0205298	-0.0199907	-0.0199999	-0.0200067	-0.222166
2.735294118	-0.0201147	-0.0200009	-0.02	-0.02	-0.0200005	-0.0200068	-0.0205182	-0.0199905	-0.0199999	-0.0200068	-0.222465
2.755656109	-0.0201179	-0.020001	-0.02	-0.02	-0.0200005	-0.0200068	-0.0205059	-0.0199904	-0.0199999	-0.0200068	-0.222773
2.7760181	-0.0201211	-0.020001	-0.02	-0.02	-0.0200006	-0.0200068	-0.0204932	-0.0199902	-0.0199999	-0.0200069	-0.223079
2.79638009	-0.0201244	-0.020001	-0.02	-0.02	-0.0200006	-0.0200069	-0.0204802	-0.0199901	-0.0199999	-0.020007	-0.223383
2.816742081	-0.0201278	-0.0200011	-0.02	-0.02	-0.0200006	-0.0200069	-0.0204668	-0.0199899	-0.0199999	-0.0200071	-0.223684
2.837104072	-0.0201313	-0.0200011	-0.02	-0.02	-0.0200006	-0.0200069	-0.0204532	-0.0199898	-0.0199999	-0.0200072	-0.223984
2.857466063	-0.0201348	-0.0200012	-0.02	-0.02	-0.0200006	-0.0200069	-0.0204392	-0.0199896	-0.0199999	-0.0200072	-0.224281
2.877828054	-0.0201384	-0.0200012	-0.02	-0.02	-0.0200006	-0.0200069	-0.0204249	-0.0199895	-0.0199999	-0.0200073	-0.224577
2.898190045	-0.020142	-0.0200013	-0.02	-0.02	-0.0200006	-0.0200069	-0.0204103	-0.0199893	-0.0199999	-0.0200074	-0.22487
2.918552036	-0.0201457	-0.0200013	-0.02	-0.02	-0.0200006	-0.020007	-0.0203954	-0.0199892	-0.0199999	-0.0200075	-0.225161
2.938914027	-0.0201495	-0.0200013	-0.02	-0.02	-0.0200006	-0.020007	-0.0203802	-0.019989	-0.0199999	-0.0200076	-0.22545
2.959276018	-0.0201533	-0.0200014	-0.02	-0.02	-0.0200006	-0.020007	-0.0203647	-0.0199889	-0.0199999	-0.0200076	-0.225737
2.979638009	-0.0201572	-0.0200014	-0.02	-0.02	-0.0200006	-0.020007	-0.0203489	-0.0199887	-0.0199999	-0.0200077	-0.226022
3	-0.0201612	-0.0200015	-0.02	-0.02	-0.0200006	-0.020007	-0.0203328	-0.0199886	-0.0199999	-0.0200078	-0.226304
3.02	-0.0201652	-0.0200015	-0.02	-0.02	-0.0200007	-0.020007	-0.0203167	-0.0199884	-0.0199999	-0.0200079	-0.22658
3.039591837	-0.0201692	-0.0200016	-0.02	-0.02	-0.0200007	-0.020007	-0.0203007	-0.0199883	-0.0199999	-0.020008	-0.226848
3.059183673	-0.0201732	-0.0200016	-0.02	-0.02	-0.0200007	-0.020007	-0.0202844	-0.0199882	-0.0199999	-0.020008	-0.227114
3.078557823	-0.0201772	-0.0200017	-0.02	-0.02	-0.0200007	-0.0200069	-0.020268	-0.0199881	-0.0199999	-0.0200081	-0.227376
3.097714286	-0.0201813	-0.0200018	-0.02	-0.02	-0.0200007	-0.0200069	-0.0202517	-0.0199879	-0.0199999	-0.0200082	-0.227632
3.116870748	-0.0201854	-0.0200018	-0.02	-0.02	-0.0200007	-0.0200069	-0.0202351	-0.0199878	-0.0199998	-0.0200083	-0.227887
3.135787755	-0.0201896	-0.0200019	-0.02	-0.02	-0.0200007	-0.0200069	-0.0202184	-0.0199877	-0.0199998	-0.0200084	-0.228137
3.163804082	-0.0201958	-0.020002	-0.02	-0.02	-0.0200007	-0.0200068	-0.0201935	-0.0199875	-0.0199998	-0.0200085	-0.228504
3.182481633	-0.0202	-0.020002	-0.02	-0.02	-0.0200007	-0.0200068	-0.0201766	-0.0199874	-0.0199998	-0.0200086	-0.228746
3.200884514	-0.0202043	-0.0200021	-0.02	-0.02	-0.0200007	-0.0200068	-0.0201598	-0.0199873	-0.0199998	-0.0200086	-0.228983
3.219012725	-0.0202085	-0.0200021	-0.02	-0.02	-0.0200007	-0.0200067	-0.020143	-0.0199872	-0.0199998	-0.0200087	-0.229215
3.237140936	-0.0202128	-0.0200022	-0.02	-0.02	-0.0200007	-0.0200067	-0.0201262	-0.0199872	-0.0199998	-0.0200088	-0.229445
3.264333253	-0.0202193	-0.0200023	-0.02	-0.02	-0.0200008	-0.0200066	-0.0201005	-0.019987	-0.0199998	-0.0200089	-0.229787
3.282461465	-0.0202237	-0.0200024	-0.02	-0.02	-0.0200008	-0.0200066	-0.0200832	-0.019987	-0.0199998	-0.020009	-0.230013
3.300589676	-0.0202282	-0.0200024	-0.02	-0.02	-0.0200008	-0.0200065	-0.0200658	-0.0199869	-0.0199998	-0.0200091	-0.230237
3.317929704	-0.0202326	-0.0200025	-0.02	-0.02	-0.0200008	-0.0200065	-0.020049	-0.0199868	-0.0199998	-0.0200092	-0.23045
3.343939746	-0.0202392	-0.0200026	-0.02	-0.02	-0.0200008	-0.0200064	-0.0200235	-0.0199867	-0.0199998	-0.0200093	-0.230766
3.361279775	-0.0202437	-0.0200027	-0.02	-0.02	-0.0200008	-0.0200064	-0.0200064	-0.0199867	-0.0199998	-0.0200094	-0.230975
3.378619803	-0.0202482	-0.0200027	-0.02	-0.02	-0.0200008	-0.0200063	-0.0199891	-0.0199866	-0.0199998	-0.0200095	-0.231182
3.395959831	-0.0202528	-0.0200028	-0.02	-0.02	-0.0200008	-0.0200062	-0.0199717	-0.0199866	-0.0199998	-0.0200095	-0.231387
3.421969873	-0.0202598	-0.0200029	-0.02	-0.02	-0.0200008	-0.0200061	-0.0199454	-0.0199865	-0.0199998	-0.0200097	-0.231692
3.439309901	-0.0202645	-0.020003	-0.02	-0.02	-0.0200008	-0.0200061	-0.0199278	-0.0199865	-0.0199998	-0.0200097	-0.231893
3.45664993	-0.0202693	-0.0200031	-0.02	-0.02	-0.0200009	-0.020006	-0.01991	-0.0199865	-0.0199998	-0.0200098	-0.232093
3.482659972	-0.0202766	-0.0200032	-0.02	-0.02	-0.0200009	-0.0200059	-0.0198831	-0.0199865	-0.0199998	-0.02001	-0.232389
3.5	-0.0202815	-0.0200033	-0.02	-0.02	-0.0200009	-0.0200058	-0.0198651	-0.0199865	-0.0199998	-0.02001	-0.232584
3.516949153	-0.0202864	-0.0200034	-0.02	-0.0200001	-0.0200009	-0.0200057	-0.0198474	-0.0199865	-0.0199998	-0.0200101	-0.232774
3.542372881	-0.0202937	-0.0200035	-0.02	-0.0200001	-0.0200009	-0.0200055	-0.0198207	-0.0199865	-0.0199998	-0.0200103	-0.233054
3.559322034	-0.0202987	-0.0200036	-0.02	-0.0200001	-0.0200009	-0.0200055	-0.0198029	-0.0199865	-0.0199998	-0.0200103	-0.233239
3.576271186	-0.0203038	-0.0200037	-0.02	-0.0200001	-0.0200009	-0.0200054	-0.0197849	-0.0199865	-0.0199998	-0.0200104	-0.233423
3.601694915	-0.0203114	-0.0200038	-0.02	-0.0200001	-0.0200009	-0.0200052	-0.0197579	-0.0199866	-0.0199997	-0.0200106	-0.233695
3.618644068	-0.0203166	-0.0200039	-0.02	-0.0200001	-0.0200009	-0.0200051	-0.0197398	-0.0199866	-0.0199997	-0.0200107	-0.233874
3.644067797	-0.0203245	-0.0200041	-0.02	-0.0200001	-0.0200009	-0.0200049	-0.0197125	-0.0199867	-0.0199997	-0.0200108	-0.23414
3.661016949	-0.0203298	-0.0200042	-0.02	-0.0200001	-0.020001	-0.0200048	-0.0196943	-0.0199868	-0.0199997	-0.0200109	-0.234315
3.677966102	-0.0203351	-0.0200043	-0.02	-0.0200001	-0.020001	-0.0200047	-0.019676	-0.0199868	-0.0199997	-0.020011	-0.234488
3.703389831	-0.0203432	-0.0200044	-0.02	-0.0200001	-0.020001	-0.0200045	-0.0196485	-0.0199869	-0.0199997	-0.0200111	-0.234744
3.720338983	-0.0203487	-0.0200046	-0.02	-0.0200001	-0.020001	-0.0200044	-0.0196301	-0.019987	-0.0199997	-0.0200112	-0.234912
3.737288136	-0.0203542	-0.0200047	-0.02	-0.0200001	-0.020001	-0.0200042	-0.0196117	-0.0199871	-0.0199997	-0.0200113	-0.235079
3.762711864	-0.0203626	-0.0200048	-0.02	-0.0200001	-0.020001	-0.020004	-0.019584	-0.0199873	-0.0199997	-0.0200115	-0.235325
3.779661017	-0.0203683	-0.020005	-0.02	-0.0200001	-0.020001	-0.0200039	-0.0195655	-0.0199874	-0.0199997	-0.0200115	-0.235487
3.796610169	-0.0203739	-0.0200051	-0.02	-0.0200001	-0.020001	-0.0200037	-0.019547	-0.0199876	-0.0199997	-0.0200116	-0.235647
3.82243745	-0.0203827	-0.0200053	-0.02	-0.0200001	-0.020001	-0.0200035	-0.0195187	-0.0199878	-0.0199997	-0.0200118	-0.235886
3.840193705	-0.0203888	-0.0200054	-0.02	-0.0200001	-0.0200011	-0.0200033	-0.0194993	-0.0199879	-0.0199997	-0.0200119	-0.236047
3.85794996	-0.020395	-0.0200055	-0.02	-0.0200001	-0.0200011	-0.0200032	-0.0194799	-0.0199881	-0.0199997	-0.020012	-0.236206
3.875706215	-0.0204012	-0.0200057	-0.0200001	-0.0200001	-0.0200011	-0.020003	-0.0194604	-0.0199883	-0.0199997	-0.0200121	-0.236363
3.902340597	-0.0204106	-0.0200059	-0.0200001	-0.0200001	-0.0200011	-0.0200027	-0.0194312	-0.0199886	-0.0199997	-0.0200123	-0.236593
3.920096852	-0.0204169	-0.020006	-0.0200001	-0.0200001	-0.0200011	-0.0200025	-0.0194118	-0.0199889	-0.0199997	-0.0200124	-0.236743
3.937853107	-0.0204233	-0.0200062	-0.0200001	-0.0200001	-0.0200011	-0.0200023	-0.0193924	-0.0199891	-0.0199996	-0.0200125	-0.236891
3.955609362	-0.0204297	-0.0200063	-0.0200001	-0.0200001	-0.0200011	-0.0200021	-0.019373	-0.0199894	-0.0199996	-0.0200126	-0.237036
3.982243745	-0.0204394	-0.0200066	-0.0200001	-0.0200001	-0.0200011	-0.0200018	-0.0193439	-0.0199898	-0.0199996	-0.0200128	-0.237249
4	-0.0204459	-0.0200067	-0.0200001	-0.0200001	-0.0200012	-0.0200016	-0.0193245	-0.0199901	-0.0199996	-0.0200129	-0.237387
4.016949153	-0.0204522	-0.0200069	-0.0200001	-0.0200001	-0.0200012	-0.0200014	-0.019306	-0.0199904	-0.0199996	-0.0200131	-0.237518
4.042372881	-0.0204617	-0.0200071	-0.0200001	-0.0200001	-0.0200012	-0.0200011	-0.0192784	-0.0199909	-0.0199996	-0.0200132	-0.237709
4.059013867	-0.020468	-0.0200073	-0.0200001	-0.0200001	-0.0200012	-0.0200009	-0.0192603	-0.0199913	-0.0199996	-0.0200133	-0.237831
4.083975347	-0.0204775	-0.0200075	-0.0200001	-0.0200001	-0.0200012	-0.0200006	-0.0192333	-0.0199918	-0.0199996	-0.0200135	-0.23801
4.100616333	-0.0204839	-0.0200077	-0.0200001	-0.0200001	-0.0200012	-0.0200004	-0.0192153	-0.0199922	-0.0199996	-0.0200136	-0.238126
4.116917707	-0.0204902	-0.0200079	-0.0200001	-0.0200001	-0.0200012	-0.0200002	-0.0191978	-0.0199926	-0.0199996	-0.0200138	-0.238238
4.141369768	-0.0204997	-0.0200081	-0.0200001	-0.0200001	-0.0200012	-0.0199999	-0.0191715	-0.0199932	-0.0199996	-0.0200139	-0.238402
4.157671142	-0.020506	-0.0200083	-0.0200001	-0.0200001	-0.0200013	-0.0199997	-0.019154	-0.0199936	-0.0199996	-0.0200141	-0.238508
4.181735076	-0.0205155	-0.0200086	-0.0200001	-0.0200001	-0.0200013	-0.0199993	-0.0191283	-0.0199943	-0.0199996	-0.0200143	-0.238661
4.197648322	-0.0205218	-0.0200087	-0.0200001	-0.0200001	-0.0200013	-0.0199991	-0.0191114	-0.0199948	-0.0199996	-0.0200144	-0.238759
4.221518191	-0.0205313	-0.020009	-0.0200001	-0.0200001	-0.0200013	-0.0199988	-0.019086	-0.0199955	-0.0199996	-0.0200146	-0.238903
4.237431437	-0.0205377	-0.0200092	-0.0200001	-0.0200001	-0.0200013	-0.0199985	-0.0190692	-0.019996	-0.0199995	-0.0200147	-0.238995
4.261301307	-0.0205473	-0.0200095	-0.0200001	-0.0200001	-0.0200013	-0.0199982	-0.0190441	-0.0199968	-0.0199995	-0.0200149	-0.23913
4.277214553	-0.0205538	-0.0200097	-0.0200001	-0.0200001	-0.0200013	-0.0199979	-0.0190274	-0.0199974	-0.0199995	-0.020015	-0.239218
4.300516092	-0.0205633	-0.02001	-0.0200001	-0.0200001	-0.0200013	-0.0199976	-0.019003	-0.0199982	-0.0199995	-0.0200152	-0.239341
4.323533466	-0.0205727	-0.0200103	-0.0200001	-0.0200001	-0.0200014	-0.0199972	-0.0189791	-0.0199991	-0.0199995	-0.0200154	-0.239459
4.338878382	-0.020579	-0.0200105	-0.0200001	-0.0200001	-0.0200014	-0.0199969	-0.0189633	-0.0199997	-0.0199995	-0.0200156	-0.239535
4.361895756	-0.0205885	-0.0200108	-0.0200001	-0.0200001	-0.0200014	-0.0199966	-0.0189396	-0.0200006	-0.0199995	-0.0200158	-0.239645
4.377240672	-0.0205949	-0.020011	-0.0200001	-0.0200001	-0.0200014	-0.0199963	-0.0189239	-0.0200012	-0.0199995	-0.0200159	-0.239716
4.400258046	-0.0206045	-0.0200113	-0.0200001	-0.0200001	-0.0200014	-0.0199959	-0.0189004	-0.0200022	-0.0199995	-0.0200162	-0.239818
4.42327542	-0.0206141	-0.0200116	-0.0200001	-0.0200001	-0.0200014	-0.0199955	-0.0188772	-0.0200032	-0.0199995	-0.0200164	-0.239915
4.438620336	-0.0206206	-0.0200119	-0.0200001	-0.0200001	-0.0200014	-0.0199953	-0.0188617	-0.0200039	-0.0199995	-0.0200165	-0.239977
4.46163771	-0.0206303	-0.0200122	-0.0200001	-0.0200001	-0.0200015	-0.0199948	-0.0188387	-0.020005	-0.0199995	-0.0200168	-0.240067
4.476982626	-0.0206367	-0.0200124	-0.0200001	-0.0200001	-0.0200015	-0.0199946	-0.0188235	-0.0200058	-0.0199995	-0.0200169	-0.240123
4.5	-0.0206465	-0.0200128	-0.0200002	-0.0200001	-0.0200015	-0.0199941	-0.0188008	-0.0200069	-0.0199994	-0.0200172	-0.240205
4.522727273	-0.0206561	-0.0200131	-0.0200002	-0.0200001	-0.0200015	-0.0199937	-0.0187786	-0.0200081	-0.0199994	-0.0200174	-0.24028
4.537878788	-0.0206626	-0.0200134	-0.0200002	-0.0200001	-0.0200015	-0.0199934	-0.0187639	-0.0200089	-0.0199994	-0.0200176	-0.240328
4.560606061	-0.0206723	-0.0200138	-0.0200002	-0.0200001	-0.0200015	-0.019993	-0.0187421	-0.0200102	-0.0199994	-0.0200178	-0.240395
4.583333333	-0.020682	-0.0200141	-0.0200002	-0.0200001	-0.0200015	-0.0199925	-0.0187204	-0.0200115	-0.0199994	-0.0200181	-0.240458
4.598484848	-0.0206885	-0.0200144	-0.0200002	-0.0200001	-0.0200016	-0.0199922	-0.0187061	-0.0200124	-0.0199994	-0.0200183	-0.240498
4.621212121	-0.0206982	-0.0200148	-0.0200002	-0.0200001	-0.0200016	-0.0199918	-0.0186848	-0.0200138	-0.0199994	-0.0200185	-0.240553
4.636363636	-0.0207047	-0.0200151	-0.0200002	-0.0200001	-0.0200016	-0.0199915	-0.0186707	-0.0200147	-0.0199994	-0.0200187	-0.240587
4.659090909	-0.0207145	-0.0200155	-0.0200002	-0.0200001	-0.0200016	-0.019991	-0.0186498	-0.0200161	-0.0199994	-0.020019	-0.240635
4.681818182	-0.0207243	-0.0200159	-0.0200002	-0.0200001	-0.0200016	-0.0199905	-0.0186291	-0.0200176	-0.0199994	-0.0200193	-0.240677
4.696969697	-0.0207308	-0.0200162	-0.0200002	-0.0200001	-0.0200016	-0.0199902	-0.0186155	-0.0200186	-0.0199994	-0.0200195	-0.240703
4.71969697	-0.0207405	-0.0200166	-0.0200002	-0.0200001	-0.0200016	-0.0199897	-0.0185952	-0.0200201	-0.0199993	-0.0200198	-0.240738
4.742424242	-0.0207503	-0.0200171	-0.0200002	-0.0200001	-0.0200017	-0.0199892	-0.0185752	-0.0200217	-0.0199993	-0.0200201	-0.240768
4.7578125	-0.0207569	-0.0200174	-0.0200002	-0.0200001	-0.0200017	-0.0199889	-0.0185618	-0.0200228	-0.0199993	-0.0200203	-0.240786
4.78125	-0.0207669	-0.0200179	-0.0200002	-0.0200001	-0.0200017	-0.0199884	-0.0185417	-0.0200245	-0.0199993	-0.0200206	-0.240809
4.796875	-0.0207736	-0.0200182	-0.0200002	-0.0200001	-0.0200017	-0.019988	-0.0185284	-0.0200257	-0.0199993	-0.0200208	-0.240821
4.8203125	-0.0207835	-0.0200187	-0.0200002	-0.0200001	-0.0200017	-0.0199875	-0.0185088	-0.0200275	-0.0199993	-0.0200212	-0.240836
4.84375	-0.0207935	-0.0200192	-0.0200003	-0.0200001	-0.0200017	-0.0199869	-0.0184895	-0.0200293	-0.0199993	-0.0200215	-0.240845
4.859375	-0.0208001	-0.0200195	-0.0200003	-0.0200001	-0.0200018	-0.0199866	-0.0184768	-0.0200306	-0.0199993	-0.0200218	-0.240849
4.8828125	-0.02081	-0.0200201	-0.0200003	-0.0200001	-0.0200018	-0.019986	-0.018458	-0.0200325	-0.0199993	-0.0200222	-0.24085
4.8984375	-0.0208166	-0.0200204	-0.0200003	-0.0200001	-0.0200018	-0.0199856	-0.0184457	-0.0200338	-0.0199992	-0.0200224	-0.240848
4.921875	-0.0208264	-0.020021	-0.0200003	-0.0200001	-0.0200018	-0.0199851	-0.0184275	-0.0200358	-0.0199992	-0.0200228	-0.240841
4.9375	-0.0208329	-0.0200213	-0.0200003	-0.0200001	-0.0200018	-0.0199847	-0.0184156	-0.0200372	-0.0199992	-0.0200231	-0.240834
4.9609375	-0.0208426	-0.0200219	-0.0200003	-0.0200001	-0.0200018	-0.0199841	-0.018398	-0.0200392	-0.0199992	-0.0200235	-0.240819
4.9765625	-0.0208491	-0.0200223	-0.0200003	-0.0200001	-0.0200019	-0.0199837	-0.0183864	-0.0200406	-0.0199992	-0.0200237	-0.240807
5	-0.0208587	-0.0200229	-0.0200003	-0.0200001	-0.0200019	-0.0199831	-0.0183694	-0.0200428	-0.0199992	-0.0200241	-0.240784
5.023681516	-0.0208683	-0.0200235	-0.0200003	-0.0200001	-0.0200019	-0.0199825	-0.0183526	-0.020045	-0.0199992	-0.0200246	-0.240756
5.039298515	-0.0208746	-0.0200239	-0.0200003	-0.0200001	-0.0200019	-0.0199821	-0.0183418	-0.0200465	-0.0199992	-0.0200249	-0.240734
5.062589385	-0.020884	-0.0200245	-0.0200003	-0.0200001	-0.0200019	-0.0199815	-0.0183259	-0.0200488	-0.0199992	-0.0200253	-0.240699
5.077937126	-0.0208901	-0.0200249	-0.0200004	-0.0200001	-0.0200019	-0.0199811	-0.0183156	-0.0200503	-0.0199991	-0.0200256	-0.240673
5.100958737	-0.0208991	-0.0200256	-0.0200004	-0.0200001	-0.020002	-0.0199805	-0.0183004	-0.0200527	-0.0199991	-0.0200261	-0.24063
5.1236852	-0.020908	-0.0200262	-0.0200004	-0.0200001	-0.020002	-0.0199799	-0.0182858	-0.020055	-0.0199991	-0.0200266	-0.240584
5.138737792	-0.0209138	-0.0200267	-0.0200004	-0.0200001	-0.020002	-0.0199795	-0.0182763	-0.0200566	-0.0199991	-0.0200269	-0.24055
5.16131668	-0.0209225	-0.0200273	-0.0200004	-0.0200002	-0.020002	-0.0199789	-0.0182623	-0.020059	-0.0199991	-0.0200274	-0.240497
5.183561066	-0.0209309	-0.020028	-0.0200004	-0.0200002	-0.020002	-0.0199783	-0.0182488	-0.0200614	-0.0199991	-0.0200279	-0.24044
5.198279156	-0.0209364	-0.0200284	-0.0200004	-0.0200002	-0.0200021	-0.0199779	-0.0182401	-0.020063	-0.0199991	-0.0200282	-0.2404
5.220356291	-0.0209446	-0.0200291	-0.0200004	-0.0200002	-0.0200021	-0.0199773	-0.0182272	-0.0200654	-0.0199991	-0.0200287	-0.240337
5.242433426	-0.0209526	-0.0200298	-0.0200004	-0.0200002	-0.0200021	-0.0199767	-0.0182147	-0.0200679	-0.019999	-0.0200292	-0.24027
5.257151516	-0.0209579	-0.0200303	-0.0200005	-0.0200002	-0.0200021	-0.0199762	-0.0182065	-0.0200696	-0.019999	-0.0200296	-0.240223
5.278782648	-0.0209656	-0.0200309	-0.0200005	-0.0200002	-0.0200021	-0.0199756	-0.0181947	-0.0200721	-0.019999	-0.0200301	-0.24015
5.300190779	-0.020973	-0.0200317	-0.0200005	-0.0200002	-0.0200021	-0.019975	-0.0181834	-0.0200747	-0.019999	-0.0200307	-0.240075
5.321598909	-0.0209804	-0.0200324	-0.0200005	-0.0200002	-0.0200022	-0.0199744	-0.0181723	-0.0200772	-0.019999	-0.0200312	-0.239995
5.34300704	-0.0209876	-0.0200331	-0.0200005	-0.0200002	-0.0200022	-0.0199738	-0.0181616	-0.0200798	-0.019999	-0.0200318	-0.239912
5.357279128	-0.0209923	-0.0200336	-0.0200005	-0.0200002	-0.0200022	-0.0199734	-0.0181546	-0.0200816	-0.019999	-0.0200322	-0.239854
5.378687258	-0.0209992	-0.0200343	-0.0200005	-0.0200002	-0.0200022	-0.0199727	-0.0181443	-0.0200843	-0.019999	-0.0200328	-0.239765
5.400095389	-0.0210061	-0.0200351	-0.0200006	-0.0200002	-0.0200022	-0.0199721	-0.0181344	-0.020087	-0.0199989	-0.0200334	-0.239671
5.42150352	-0.0210127	-0.0200359	-0.0200006	-0.0200002	-0.0200023	-0.0199715	-0.0181248	-0.0200897	-0.0199989	-0.020034	-0.239574
5.442911651	-0.0210192	-0.0200367	-0.0200006	-0.0200002	-0.0200023	-0.0199708	-0.0181155	-0.0200925	-0.0199989	-0.0200347	-0.239472
5.457183738	-0.0210234	-0.0200372	-0.0200006	-0.0200002	-0.0200023	-0.0199704	-0.0181095	-0.0200943	-0.0199989	-0.0200351	-0.239403
5.478591869	-0.0210296	-0.020038	-0.0200006	-0.0200002	-0.0200023	-0.0199698	-0.0181007	-0.0200972	-0.0199989	-0.0200358	-0.239295
5.5	-0.0210356	-0.0200389	-0.0200006	-0.0200002	-0.0200023	-0.0199691	-0.0180923	-0.0201	-0.0199989	-0.0200365	-0.239184
5.520833333	-0.0210413	-0.0200397	-0.0200006	-0.0200002	-0.0200024	-0.0199685	-0.0180845	-0.0201029	-0.0199989	-0.0200372	-0.239071
5.541564542	-0.0210468	-0.0200405	-0.0200007	-0.0200002	-0.0200024	-0.0199678	-0.0180769	-0.0201057	-0.0199988	-0.0200379	-0.238956
5.562091503	-0.021052	-0.0200414	-0.0200007	-0.0200002	-0.0200024	-0.0199672	-0.0180698	-0.0201086	-0.0199988	-0.0200386	-0.238839
5.582618464	-0.0210571	-0.0200422	-0.0200007	-0.0200002	-0.0200024	-0.0199666	-0.0180629	-0.0201114	-0.0199988	-0.0200393	-0.238718
5.603145425	-0.021062	-0.0200431	-0.0200007	-0.0200002	-0.0200024	-0.0199659	-0.0180564	-0.0201143	-0.0199988	-0.0200401	-0.238594
5.616830065	-0.0210651	-0.0200437	-0.0200007	-0.0200002	-0.0200025	-0.0199655	-0.0180522	-0.0201163	-0.0199988	-0.0200406	-0.238509
5.637357026	-0.0210697	-0.0200446	-0.0200008	-0.0200002	-0.0200025	-0.0199649	-0.0180462	-0.0201193	-0.0199988	-0.0200414	-0.23838
5.657883987	-0.021074	-0.0200455	-0.0200008	-0.0200002	-0.0200025	-0.0199643	-0.0180405	-0.0201222	-0.0199988	-0.0200422	-0.238246
5.678410948	-0.0210781	-0.0200464	-0.0200008	-0.0200002	-0.0200025	-0.0199636	-0.0180351	-0.0201253	-0.0199987	-0.020043	-0.23811
5.698937908	-0.021082	-0.0200473	-0.0200008	-0.0200002	-0.0200025	-0.019963	-0.0180301	-0.0201283	-0.0199987	-0.0200438	-0.23797
5.719464869	-0.0210857	-0.0200483	-0.0200008	-0.0200002	-0.0200026	-0.0199623	-0.0180254	-0.0201314	-0.0199987	-0.0200447	-0.237826
5.73999183	-0.0210892	-0.0200493	-0.0200009	-0.0200002	-0.0200026	-0.0199617	-0.0180209	-0.0201345	-0.0199987	-0.0200455	-0.237679
5.760518791	-0.0210924	-0.0200502	-0.0200009	-0.0200002	-0.0200026	-0.0199611	-0.0180169	-0.0201376	-0.0199987	-0.0200464	-0.237529
5.781045752	-0.0210954	-0.0200512	-0.0200009	-0.0200002	-0.0200026	-0.0199604	-0.0180131	-0.0201407	-0.0199987	-0.0200474	-0.237375
5.801572712	-0.0210982	-0.0200522	-0.0200009	-0.0200002	-0.0200026	-0.0199598	-0.0180097	-0.0201439	-0.0199986	-0.0200483	-0.237218
5.822099673	-0.0211007	-0.0200533	-0.020001	-0.0200002	-0.0200027	-0.0199591	-0.0180066	-0.0201471	-0.0199986	-0.0200493	-0.237058
5.842626634	-0.0211029	-0.0200543	-0.020001	-0.0200002	-0.0200027	-0.0199585	-0.0180039	-0.0201504	-0.0199986	-0.0200503	-0.236894
5.863153595	-0.0211049	-0.0200554	-0.020001	-0.0200002	-0.0200027	-0.0199579	-0.0180015	-0.0201536	-0.0199986	-0.0200513	-0.236727
5.876838235	-0.0211061	-0.0200561	-0.020001	-0.0200002	-0.0200027	-0.0199574	-0.018	-0.0201558	-0.0199986	-0.020052	-0.236614
5.897365196	-0.0211077	-0.0200572	-0.0200011	-0.0200002	-0.0200028	-0.0199568	-0.0179982	-0.0201591	-0.0199986	-0.020053	-0.236442
5.917892157	-0.0211089	-0.0200583	-0.0200011	-0.0200002	-0.0200028	-0.0199562	-0.0179966	-0.0201624	-0.0199985	-0.0200541	-0.236266
5.938419118	-0.0211099	-0.0200594	-0.0200011	-0.0200002	-0.0200028	-0.0199555	-0.0179954	-0.0201657	-0.0199985	-0.0200552	-0.236087
5.958946078	-0.0211106	-0.0200605	-0.0200011	-0.0200002	-0.0200028	-0.0199549	-0.0179946	-0.0201691	-0.0199985	-0.0200564	-0.235905
5.979473039	-0.0211111	-0.0200617	-0.0200012	-0.0200002	-0.0200028	-0.0199543	-0.0179941	-0.0201724	-0.0199985	-0.0200575	-0.23572
6	-0.0211112	-0.0200629	-0.0200012	-0.0200002	-0.0200029	-0.0199537	-0.0179939	-0.0201758	-0.0199985	-0.0200587	-0.235531
6.021126761	-0.021111	-0.0200641	-0.0200012	-0.0200003	-0.0200029	-0.019953	-0.017994	-0.0201793	-0.0199984	-0.02006	-0.235334
6.042466923	-0.0211104	-0.0200653	-0.0200013	-0.0200003	-0.0200029	-0.0199524	-0.0179945	-0.0201829	-0.0199984	-0.0200613	-0.235131
6.056764831	-0.0211099	-0.0200662	-0.0200013	-0.0200003	-0.0200029	-0.019952	-0.0179951	-0.0201853	-0.0199984	-0.0200621	-0.234993
6.078211694	-0.0211087	-0.0200675	-0.0200013	-0.0200003	-0.020003	-0.0199513	-0.0179963	-0.0201889	-0.0199984	-0.0200635	-0.234783
6.099909398	-0.0211072	-0.0200688	-0.0200013	-0.0200003	-0.020003	-0.0199507	-0.0179978	-0.0201925	-0.0199984	-0.0200649	-0.234567
6.121467999	-0.0211054	-0.0200701	-0.0200014	-0.0200003	-0.020003	-0.01995	-0.0179997	-0.0201962	-0.0199984	-0.0200663	-0.234349
6.142894339	-0.0211031	-0.0200715	-0.0200014	-0.0200003	-0.020003	-0.0199494	-0.018002	-0.0201998	-0.0199983	-0.0200678	-0.234129
6.157035723	-0.0211015	-0.0200724	-0.0200014	-0.0200003	-0.020003	-0.019949	-0.0180037	-0.0202022	-0.0199983	-0.0200688	-0.233981
6.178033536	-0.0210987	-0.0200738	-0.0200015	-0.0200003	-0.0200031	-0.0199484	-0.0180065	-0.0202057	-0.0199983	-0.0200703	-0.23376
6.199031349	-0.0210955	-0.0200751	-0.0200015	-0.0200003	-0.0200031	-0.0199478	-0.0180096	-0.0202092	-0.0199983	-0.0200718	-0.233535
6.219862512	-0.021092	-0.0200765	-0.0200016	-0.0200003	-0.0200031	-0.0199472	-0.0180131	-0.0202127	-0.0199983	-0.0200733	-0.233309
6.240360377	-0.0210882	-0.0200779	-0.0200016	-0.0200003	-0.0200031	-0.0199466	-0.0180168	-0.0202161	-0.0199982	-0.0200749	-0.233084
6.260858242	-0.021084	-0.0200793	-0.0200016	-0.0200003	-0.0200032	-0.0199461	-0.0180209	-0.0202195	-0.0199982	-0.0200765	-0.232855
6.281356107	-0.0210794	-0.0200807	-0.0200017	-0.0200003	-0.0200032	-0.0199455	-0.0180253	-0.0202229	-0.0199982	-0.0200781	-0.232624
6.301633565	-0.0210745	-0.0200821	-0.0200017	-0.0200003	-0.0200032	-0.019945	-0.0180299	-0.0202262	-0.0199982	-0.0200798	-0.232392
6.321470208	-0.0210694	-0.0200835	-0.0200018	-0.0200003	-0.0200032	-0.0199444	-0.0180348	-0.0202294	-0.0199981	-0.0200815	-0.232162
6.341306852	-0.0210638	-0.020085	-0.0200018	-0.0200003	-0.0200033	-0.0199439	-0.0180399	-0.0202327	-0.0199981	-0.0200831	-0.23193
6.361143495	-0.0210579	-0.0200864	-0.0200018	-0.0200003	-0.0200033	-0.0199434	-0.0180453	-0.0202359	-0.0199981	-0.0200849	-0.231694
6.380980139	-0.0210516	-0.0200879	-0.0200019	-0.0200003	-0.0200033	-0.0199429	-0.018051	-0.020239	-0.0199981	-0.0200866	-0.231456
6.400816782	-0.021045	-0.0200893	-0.0200019	-0.0200003	-0.0200033	-0.0199424	-0.0180571	-0.0202422	-0.0199981	-0.0200885	-0.231215
6.420653426	-0.0210379	-0.0200908	-0.020002	-0.0200003	-0.0200033	-0.0199419	-0.0180633	-0.0202453	-0.019998	-0.0200903	-0.230972
6.440490069	-0.0210305	-0.0200924	-0.020002	-0.0200003	-0.0200034	-0.0199414	-0.0180699	-0.0202484	-0.019998	-0.0200922	-0.230726
6.460326713	-0.0210226	-0.0200939	-0.0200021	-0.0200003	-0.0200034	-0.0199409	-0.0180768	-0.0202515	-0.019998	-0.0200941	-0.230477
6.480163356	-0.0210144	-0.0200954	-0.0200021	-0.0200003	-0.0200034	-0.0199404	-0.0180839	-0.0202546	-0.019998	-0.0200961	-0.230225
6.5	-0.0210057	-0.020097	-0.0200022	-0.0200003	-0.0200034	-0.0199399	-0.0180914	-0.0202576	-0.0199979	-0.0200981	-0.22997
6.518987342	-0.0209971	-0.0200985	-0.0200022	-0.0200003	-0.0200035	-0.0199395	-0.0180987	-0.0202604	-0.0199979	-0.0201001	-0.229725
6.537974684	-0.020988	-0.0201001	-0.0200023	-0.0200003	-0.0200035	-0.0199391	-0.0181063	-0.0202633	-0.0199979	-0.0201021	-0.229477
6.556962025	-0.0209786	-0.0201016	-0.0200023	-0.0200003	-0.0200035	-0.0199386	-0.0181141	-0.0202661	-0.0199979	-0.0201042	-0.229226
6.582007233	-0.0209655	-0.0201037	-0.0200024	-0.0200003	-0.0200035	-0.0199381	-0.0181248	-0.0202697	-0.0199978	-0.0201069	-0.228892
6.600723327	-0.0209553	-0.0201053	-0.0200024	-0.0200003	-0.0200036	-0.0199377	-0.0181331	-0.0202724	-0.0199978	-0.0201091	-0.22864
6.619439421	-0.0209447	-0.0201069	-0.0200025	-0.0200004	-0.0200036	-0.0199373	-0.0181416	-0.0202751	-0.0199978	-0.0201112	-0.228386
6.638155515	-0.0209337	-0.0201085	-0.0200025	-0.0200004	-0.0200036	-0.0199369	-0.0181505	-0.0202777	-0.0199978	-0.0201135	-0.22813
6.662998902	-0.0209185	-0.0201107	-0.0200026	-0.0200004	-0.0200036	-0.0199364	-0.0181626	-0.0202811	-0.0199977	-0.0201165	-0.227786
6.68138078	-0.0209068	-0.0201123	-0.0200027	-0.0200004	-0.0200036	-0.0199361	-0.0181718	-0.0202836	-0.0199977	-0.0201188	-0.227529
6.699762658	-0.0208946	-0.0201139	-0.0200027	-0.0200004	-0.0200037	-0.0199357	-0.0181813	-0.0202861	-0.0199977	-0.0201211	-0.22727
6.718144536	-0.0208821	-0.0201156	-0.0200028	-0.0200004	-0.0200037	-0.0199354	-0.018191	-0.0202885	-0.0199977	-0.0201235	-0.22701
6.742653707	-0.0208649	-0.0201178	-0.0200029	-0.0200004	-0.0200037	-0.0199349	-0.0182044	-0.0202917	-0.0199976	-0.0201267	-0.226658
6.761035585	-0.0208514	-0.0201195	-0.0200029	-0.0200004	-0.0200037	-0.0199346	-0.0182146	-0.020294	-0.0199976	-0.0201292	-0.226393
6.779417463	-0.0208376	-0.0201212	-0.020003	-0.0200004	-0.0200038	-0.0199343	-0.0182251	-0.0202963	-0.0199976	-0.0201317	-0.226125
6.797799341	-0.0208233	-0.020123	-0.020003	-0.0200004	-0.0200038	-0.019934	-0.0182359	-0.0202986	-0.0199976	-0.0201343	-0.225855
6.822308512	-0.0208037	-0.0201253	-0.0200031	-0.0200004	-0.0200038	-0.0199336	-0.0182505	-0.0203015	-0.0199975	-0.0201378	-0.225492
6.84069039	-0.0207885	-0.0201271	-0.0200032	-0.0200004	-0.0200038	-0.0199334	-0.0182618	-0.0203037	-0.0199975	-0.0201405	-0.225217
6.859072268	-0.0207729	-0.0201289	-0.0200032	-0.0200004	-0.0200039	-0.0199331	-0.0182732	-0.0203058	-0.0199975	-0.0201433	-0.224941
6.877454146	-0.0207568	-0.0201307	-0.0200033	-0.0200004	-0.0200039	-0.0199329	-0.0182849	-0.0203079	-0.0199975	-0.0201461	-0.224662
6.901963317	-0.0207348	-0.0201331	-0.0200034	-0.0200004	-0.0200039	-0.0199325	-0.0183007	-0.0203107	-0.0199974	-0.0201499	-0.224288
6.920345195	-0.0207177	-0.0201349	-0.0200035	-0.0200004	-0.0200039	-0.0199323	-0.0183129	-0.0203127	-0.0199974	-0.0201528	-0.224005
6.938727073	-0.0207002	-0.0201368	-0.0200035	-0.0200004	-0.0200039	-0.0199321	-0.0183252	-0.0203146	-0.0199974	-0.0201558	-0.22372
6.957108951	-0.0206824	-0.0201387	-0.0200036	-0.0200004	-0.020004	-0.0199319	-0.0183378	-0.0203165	-0.0199973	-0.0201589	-0.223433
6.981618122	-0.0206578	-0.0201412	-0.0200037	-0.0200004	-0.020004	-0.0199316	-0.0183548	-0.020319	-0.0199973	-0.020163	-0.223048
7	-0.0206389	-0.0201431	-0.0200038	-0.0200004	-0.020004	-0.0199315	-0.0183678	-0.0203208	-0.0199973	-0.0201662	-0.222757
7.018072289	-0.0206199	-0.020145	-0.0200039	-0.0200004	-0.020004	-0.0199313	-0.0183807	-0.0203225	-0.0199973	-0.0201694	-0.22247
7.042168675	-0.0205939	-0.0201476	-0.020004	-0.0200005	-0.0200041	-0.0199311	-0.0183983	-0.0203248	-0.0199972	-0.0201737	-0.222084
7.060240964	-0.0205739	-0.0201496	-0.020004	-0.0200005	-0.0200041	-0.019931	-0.0184116	-0.0203264	-0.0199972	-0.0201771	-0.221792
7.078313253	-0.0205534	-0.0201515	-0.0200041	-0.0200005	-0.0200041	-0.0199309	-0.0184252	-0.020328	-0.0199972	-0.0201804	-0.221499
7.102409639	-0.0205255	-0.0201542	-0.0200042	-0.0200005	-0.0200041	-0.0199307	-0.0184434	-0.02033	-0.0199971	-0.0201851	-0.221106
7.120481928	-0.0205041	-0.0201561	-0.0200043	-0.0200005	-0.0200041	-0.0199306	-0.0184573	-0.0203314	-0.0199971	-0.0201886	-0.220809
7.138554217	-0.0204822	-0.0201582	-0.0200044	-0.0200005	-0.0200042	-0.0199305	-0.0184714	-0.0203328	-0.0199971	-0.0201922	-0.220511
7.162650602	-0.0204524	-0.0201609	-0.0200045	-0.0200005	-0.0200042	-0.0199305	-0.0184904	-0.0203345	-0.019997	-0.0201971	-0.22011
7.180722892	-0.0204295	-0.0201629	-0.0200046	-0.0200005	-0.0200042	-0.0199304	-0.0185048	-0.0203357	-0.019997	-0.0202008	-0.219808
7.198915663	-0.020406	-0.020165	-0.0200047	-0.0200005	-0.0200042	-0.0199304	-0.0185195	-0.0203368	-0.019997	-0.0202047	-0.219503
7.217349398	-0.0203818	-0.0201671	-0.0200048	-0.0200005	-0.0200042	-0.0199303	-0.0185346	-0.0203379	-0.0199969	-0.0202086	-0.219192
7.241927711	-0.0203488	-0.02017	-0.0200049	-0.0200005	-0.0200043	-0.0199303	-0.0185549	-0.0203392	-0.0199969	-0.020214	-0.218774
7.260361446	-0.0203235	-0.0201722	-0.020005	-0.0200005	-0.0200043	-0.0199303	-0.0185702	-0.0203401	-0.0199969	-0.0202181	-0.218459
7.278795181	-0.0202978	-0.0201744	-0.0200051	-0.0200005	-0.0200043	-0.0199304	-0.0185858	-0.0203409	-0.0199968	-0.0202223	-0.218143
7.297228916	-0.0202716	-0.0201766	-0.0200052	-0.0200005	-0.0200043	-0.0199304	-0.0186014	-0.0203416	-0.0199968	-0.0202266	-0.217825
7.321807229	-0.0202359	-0.0201795	-0.0200053	-0.0200005	-0.0200044	-0.0199305	-0.0186225	-0.0203425	-0.0199968	-0.0202324	-0.217399
7.340240964	-0.0202087	-0.0201818	-0.0200054	-0.0200005	-0.0200044	-0.0199305	-0.0186384	-0.020343	-0.0199967	-0.0202369	-0.217078
7.359186747	-0.0201802	-0.0201841	-0.0200055	-0.0200005	-0.0200044	-0.0199306	-0.0186549	-0.0203434	-0.0199967	-0.0202416	-0.216747
7.378388554	-0.0201508	-0.0201865	-0.0200057	-0.0200006	-0.0200044	-0.0199307	-0.0186718	-0.0203438	-0.0199967	-0.0202464	-0.216409
7.397590361	-0.020121	-0.0201888	-0.0200058	-0.0200006	-0.0200044	-0.0199308	-0.0186888	-0.0203441	-0.0199966	-0.0202513	-0.21607
7.423192771	-0.0200804	-0.0201921	-0.0200059	-0.0200006	-0.0200045	-0.019931	-0.0187116	-0.0203443	-0.0199966	-0.0202579	-0.215616
7.442394578	-0.0200494	-0.0201945	-0.020006	-0.0200006	-0.0200045	-0.0199312	-0.0187288	-0.0203444	-0.0199966	-0.020263	-0.215273
7.461596386	-0.0200179	-0.0201969	-0.0200062	-0.0200006	-0.0200045	-0.0199314	-0.0187461	-0.0203443	-0.0199965	-0.0202682	-0.21493
7.480798193	-0.019986	-0.0201994	-0.0200063	-0.0200006	-0.0200045	-0.0199316	-0.0187635	-0.0203442	-0.0199965	-0.0202735	-0.214585
7.5	-0.0199535	-0.0202019	-0.0200064	-0.0200006	-0.0200045	-0.0199318	-0.018781	-0.0203439	-0.0199965	-0.0202789	-0.214239
7.518366103	-0.019922	-0.0202043	-0.0200065	-0.0200006	-0.0200045	-0.019932	-0.0187978	-0.0203436	-0.0199964	-0.0202842	-0.213907
7.542752629	-0.0198795	-0.0202075	-0.0200067	-0.0200006	-0.0200046	-0.0199323	-0.0188203	-0.0203431	-0.0199964	-0.0202913	-0.213464
7.560879947	-0.0198473	-0.0202099	-0.0200068	-0.0200006	-0.0200046	-0.0199325	-0.0188371	-0.0203426	-0.0199963	-0.0202967	-0.213135
7.578925977	-0.0198149	-0.0202122	-0.0200069	-0.0200006	-0.0200046	-0.0199328	-0.0188538	-0.020342	-0.0199963	-0.0203021	-0.212806
7.602812992	-0.0197714	-0.0202154	-0.0200071	-0.0200006	-0.0200046	-0.0199332	-0.0188761	-0.0203411	-0.0199963	-0.0203095	-0.212369
7.620597485	-0.0197385	-0.0202178	-0.0200072	-0.0200006	-0.0200046	-0.0199334	-0.0188928	-0.0203403	-0.0199962	-0.020315	-0.212042
7.638381978	-0.0197052	-0.0202202	-0.0200074	-0.0200006	-0.0200046	-0.0199338	-0.0189096	-0.0203394	-0.0199962	-0.0203207	-0.211715
7.661897029	-0.0196605	-0.0202235	-0.0200075	-0.0200007	-0.0200047	-0.0199342	-0.0189318	-0.0203381	-0.0199961	-0.0203283	-0.211282
7.679385114	-0.0196268	-0.0202258	-0.0200077	-0.0200007	-0.0200047	-0.0199345	-0.0189484	-0.0203371	-0.0199961	-0.0203341	-0.210959
7.70270256	-0.0195813	-0.0202291	-0.0200079	-0.0200007	-0.0200047	-0.019935	-0.0189706	-0.0203356	-0.0199961	-0.020342	-0.210526
7.720190645	-0.0195467	-0.0202315	-0.020008	-0.0200007	-0.0200047	-0.0199354	-0.0189874	-0.0203344	-0.019996	-0.020348	-0.210201
7.73732183	-0.0195125	-0.0202339	-0.0200081	-0.0200007	-0.0200047	-0.0199357	-0.0190038	-0.0203331	-0.019996	-0.020354	-0.209882
7.76016341	-0.0194662	-0.0202371	-0.0200083	-0.0200007	-0.0200047	-0.0199363	-0.0190258	-0.0203312	-0.0199959	-0.0203621	-0.209456
7.777294595	-0.0194311	-0.0202395	-0.0200085	-0.0200007	-0.0200047	-0.0199367	-0.0190424	-0.0203298	-0.0199959	-0.0203682	-0.209136
7.800136175	-0.0193838	-0.0202427	-0.0200086	-0.0200007	-0.0200048	-0.0199372	-0.0190646	-0.0203277	-0.0199959	-0.0203766	-0.208707
7.81726736	-0.0193478	-0.0202452	-0.0200088	-0.0200007	-0.0200048	-0.0199377	-0.0190812	-0.0203261	-0.0199958	-0.020383	-0.208385
7.84010894	-0.0192994	-0.0202485	-0.020009	-0.0200007	-0.0200048	-0.0199383	-0.0191035	-0.0203237	-0.0199958	-0.0203917	-0.207955
7.862162879	-0.019252	-0.0202516	-0.0200092	-0.0200007	-0.0200048	-0.0199389	-0.0191251	-0.0203214	-0.0199957	-0.0204003	-0.207539
7.878703334	-0.0192161	-0.020254	-0.0200093	-0.0200007	-0.0200048	-0.0199394	-0.0191414	-0.0203195	-0.0199957	-0.0204068	-0.207226
7.900757273	-0.0191677	-0.0202572	-0.0200095	-0.0200008	-0.0200048	-0.01994	-0.019163	-0.0203169	-0.0199956	-0.0204156	-0.206809
7.917297728	-0.019131	-0.0202597	-0.0200097	-0.0200008	-0.0200048	-0.0199405	-0.0191793	-0.0203149	-0.0199956	-0.0204224	-0.206495
7.939351667	-0.0190817	-0.0202629	-0.0200099	-0.0200008	-0.0200048	-0.0199412	-0.0192011	-0.0203121	-0.0199956	-0.0204315	-0.206076
7.961405606	-0.0190318	-0.0202661	-0.0200101	-0.0200008	-0.0200048	-0.0199419	-0.0192229	-0.0203091	-0.0199955	-0.0204408	-0.205656
7.977946061	-0.0189941	-0.0202686	-0.0200103	-0.0200008	-0.0200048	-0.0199424	-0.0192393	-0.0203068	-0.0199955	-0.0204479	-0.205341
8	-0.0189432	-0.0202719	-0.0200105	-0.0200008	-0.0200049	-0.0199432	-0.0192612	-0.0203036	-0.0199954	-0.0204576	-0.20492
8.02173913	-0.0188927	-0.0202751	-0.0200107	-0.0200008	-0.0200049	-0.0199439	-0.0192828	-0.0203004	-0.0199954	-0.0204672	-0.204504
8.038043478	-0.0188544	-0.0202776	-0.0200109	-0.0200008	-0.0200049	-0.0199445	-0.019299	-0.0202979	-0.0199953	-0.0204746	-0.204192
8.059717129	-0.0188031	-0.0202808	-0.0200111	-0.0200008	-0.0200049	-0.0199453	-0.0193206	-0.0202944	-0.0199953	-0.0204845	-0.203777
8.081194343	-0.0187519	-0.020284	-0.0200113	-0.0200008	-0.0200049	-0.019946	-0.019342	-0.0202909	-0.0199952	-0.0204946	-0.203365
8.102671556	-0.0187002	-0.0202873	-0.0200116	-0.0200009	-0.0200049	-0.0199468	-0.0193634	-0.0202872	-0.0199952	-0.0205048	-0.202953
8.118779466	-0.0186611	-0.0202897	-0.0200117	-0.0200009	-0.0200049	-0.0199475	-0.0193794	-0.0202844	-0.0199951	-0.0205126	-0.202644
8.140256679	-0.0186087	-0.020293	-0.020012	-0.0200009	-0.0200049	-0.0199483	-0.0194008	-0.0202806	-0.0199951	-0.0205231	-0.202231
8.161651287	-0.018556	-0.0202963	-0.0200122	-0.0200009	-0.0200049	-0.0199491	-0.0194221	-0.0202768	-0.019995	-0.0205338	-0.201819
8.177511383	-0.0185167	-0.0202987	-0.0200124	-0.0200009	-0.0200049	-0.0199498	-0.0194379	-0.0202739	-0.019995	-0.0205418	-0.201514
8.198658178	-0.018464	-0.0203019	-0.0200126	-0.0200009	-0.0200049	-0.0199507	-0.0194589	-0.0202699	-0.0199949	-0.0205527	-0.201106
8.219804972	-0.018411	-0.0203052	-0.0200129	-0.0200009	-0.0200049	-0.0199515	-0.01948	-0.0202658	-0.0199949	-0.0205638	-0.200698
8.240951767	-0.0183575	-0.0203084	-0.0200131	-0.0200009	-0.0200049	-0.0199524	-0.019501	-0.0202617	-0.0199948	-0.0205751	-0.20029
8.262098561	-0.0183038	-0.0203117	-0.0200134	-0.0200009	-0.0200049	-0.0199533	-0.0195219	-0.0202575	-0.0199948	-0.0205865	-0.199881
8.277958657	-0.0182633	-0.0203141	-0.0200136	-0.020001	-0.0200049	-0.019954	-0.0195376	-0.0202543	-0.0199947	-0.0205952	-0.199575
8.299105452	-0.018209	-0.0203174	-0.0200139	-0.020001	-0.0200049	-0.019955	-0.0195585	-0.0202499	-0.0199947	-0.020607	-0.199165
8.320252246	-0.0181544	-0.0203207	-0.0200141	-0.020001	-0.0200049	-0.0199559	-0.0195794	-0.0202455	-0.0199946	-0.020619	-0.198756
8.341399041	-0.0180995	-0.020324	-0.0200144	-0.020001	-0.0200049	-0.0199569	-0.0196002	-0.020241	-0.0199946	-0.0206313	-0.198346
8.362545836	-0.0180444	-0.0203272	-0.0200147	-0.020001	-0.0200049	-0.0199579	-0.019621	-0.0202365	-0.0199945	-0.0206437	-0.197936
8.378405931	-0.0180028	-0.0203297	-0.0200149	-0.020001	-0.0200049	-0.0199586	-0.0196365	-0.020233	-0.0199945	-0.0206531	-0.197629
8.399552726	-0.0179473	-0.020333	-0.0200152	-0.020001	-0.0200049	-0.0199596	-0.0196572	-0.0202283	-0.0199944	-0.0206659	-0.197219
8.42069952	-0.0178915	-0.0203363	-0.0200155	-0.020001	-0.0200049	-0.0199606	-0.0196777	-0.0202235	-0.0199943	-0.0206789	-0.196809
8.441846315	-0.0178356	-0.0203396	-0.0200158	-0.0200011	-0.0200049	-0.0199616	-0.0196983	-0.0202187	-0.0199943	-0.0206921	-0.196399
8.457706411	-0.0177935	-0.020342	-0.020016	-0.0200011	-0.0200049	-0.0199624	-0.0197136	-0.0202151	-0.0199942	-0.0207021	-0.196091
8.478853205	-0.0177372	-0.0203453	-0.0200163	-0.0200011	-0.0200049	-0.0199635	-0.019734	-0.0202101	-0.0199942	-0.0207157	-0.195682
8.5	-0.0176808	-0.0203486	-0.0200166	-0.0200011	-0.0200049	-0.0199645	-0.0197543	-0.0202051	-0.0199941	-0.0207295	-0.195272
8.520833333	-0.0176251	-0.0203518	-0.0200169	-0.0200011	-0.0200049	-0.0199656	-0.0197742	-0.0202002	-0.019994	-0.0207434	-0.194869
8.541666667	-0.0175693	-0.0203551	-0.0200173	-0.0200011	-0.0200048	-0.0199667	-0.019794	-0.0201951	-0.019994	-0.0207574	-0.194466
8.5625	-0.0175135	-0.0203583	-0.0200176	-0.0200011	-0.0200048	-0.0199678	-0.0198138	-0.0201901	-0.0199939	-0.0207717	-0.194064
8.578125	-0.0174716	-0.0203607	-0.0200178	-0.0200012	-0.0200048	-0.0199686	-0.0198285	-0.0201862	-0.0199939	-0.0207825	-0.193762
8.598958333	-0.0174156	-0.0203639	-0.0200181	-0.0200012	-0.0200048	-0.0199697	-0.0198481	-0.020181	-0.0199938	-0.0207972	-0.19336
8.619932432	-0.0173593	-0.0203671	-0.0200185	-0.0200012	-0.0200048	-0.0199708	-0.0198676	-0.0201758	-0.0199937	-0.0208122	-0.192955
8.641047297	-0.0173026	-0.0203704	-0.0200188	-0.0200012	-0.0200048	-0.019972	-0.0198872	-0.0201704	-0.0199937	-0.0208276	-0.192548
8.662162162	-0.0172459	-0.0203736	-0.0200192	-0.0200012	-0.0200048	-0.0199731	-0.0199067	-0.020165	-0.0199936	-0.0208432	-0.192141
8.677998311	-0.0172034	-0.020376	-0.0200194	-0.0200012	-0.0200048	-0.019974	-0.0199213	-0.0201609	-0.0199936	-0.020855	-0.191837
8.699113176	-0.0171469	-0.0203793	-0.0200198	-0.0200013	-0.0200047	-0.0199752	-0.0199405	-0.0201554	-0.0199935	-0.020871	-0.191431
8.720228041	-0.0170904	-0.0203825	-0.0200202	-0.0200013	-0.0200047	-0.0199764	-0.0199597	-0.0201499	-0.0199934	-0.0208873	-0.191025
8.741342905	-0.0170341	-0.0203857	-0.0200205	-0.0200013	-0.0200047	-0.0199776	-0.0199787	-0.0201443	-0.0199934	-0.0209039	-0.19062
8.76245777	-0.0169779	-0.0203888	-0.0200209	-0.0200013	-0.0200047	-0.0199788	-0.0199975	-0.0201386	-0.0199933	-0.0209206	-0.190215
8.778293919	-0.0169359	-0.0203912	-0.0200212	-0.0200013	-0.0200047	-0.0199797	-0.0200116	-0.0201344	-0.0199932	-0.0209334	-0.189912
8.799679487	-0.0168793	-0.0203944	-0.0200216	-0.0200013	-0.0200046	-0.0199809	-0.0200304	-0.0201286	-0.0199932	-0.0209509	-0.189503
8.821335759	-0.0168223	-0.0203976	-0.020022	-0.0200014	-0.0200046	-0.0199822	-0.0200494	-0.0201227	-0.0199931	-0.0209688	-0.18909
8.837577963	-0.0167797	-0.0204	-0.0200223	-0.0200014	-0.0200046	-0.0199831	-0.0200635	-0.0201182	-0.019993	-0.0209825	-0.18878
8.859234234	-0.0167231	-0.0204032	-0.0200227	-0.0200014	-0.0200046	-0.0199844	-0.0200821	-0.0201122	-0.019993	-0.0210009	-0.188368
8.880890506	-0.0166669	-0.0204064	-0.0200231	-0.0200014	-0.0200045	-0.0199857	-0.0201006	-0.0201062	-0.0199929	-0.0210197	-0.187956
8.902546778	-0.016611	-0.0204095	-0.0200236	-0.0200014	-0.0200045	-0.019987	-0.0201189	-0.0201001	-0.0199928	-0.0210387	-0.187545
8.918788981	-0.0165693	-0.0204119	-0.0200239	-0.0200014	-0.0200045	-0.0199879	-0.0201325	-0.0200955	-0.0199928	-0.0210532	-0.187237
8.940445253	-0.0165141	-0.020415	-0.0200243	-0.0200015	-0.0200045	-0.0199892	-0.0201505	-0.0200893	-0.0199927	-0.0210728	-0.186827
8.962101525	-0.0164593	-0.0204181	-0.0200248	-0.0200015	-0.0200044	-0.0199905	-0.0201684	-0.0200831	-0.0199926	-0.0210926	-0.186417
8.978343728	-0.0164185	-0.0204204	-0.0200251	-0.0200015	-0.0200044	-0.0199915	-0.0201816	-0.0200784	-0.0199926	-0.0211077	-0.186111
9	-0.0163646	-0.0204234	-0.0200256	-0.0200015	-0.0200044	-0.0199928	-0.0201991	-0.0200722	-0.0199925	-0.0211281	-0.185703
9.021678744	-0.0163111	-0.0204264	-0.020026	-0.0200015	-0.0200043	-0.0199941	-0.0202164	-0.0200658	-0.0199924	-0.0211488	-0.185295
9.037801932	-0.0162717	-0.0204286	-0.0200264	-0.0200016	-0.0200043	-0.019995	-0.0202292	-0.0200611	-0.0199923	-0.0211644	-0.184992
9.059299517	-0.0162197	-0.0204316	-0.0200269	-0.0200016	-0.0200043	-0.0199963	-0.020246	-0.0200547	-0.0199923	-0.0211855	-0.184589
9.080538094	-0.0161689	-0.0204344	-0.0200273	-0.0200016	-0.0200042	-0.0199976	-0.0202624	-0.0200484	-0.0199922	-0.0212066	-0.184192
9.101776672	-0.0161188	-0.0204373	-0.0200278	-0.0200016	-0.0200042	-0.0199989	-0.0202786	-0.020042	-0.0199921	-0.0212281	-0.183796
9.117564015	-0.016082	-0.0204394	-0.0200282	-0.0200017	-0.0200042	-0.0199998	-0.0202906	-0.0200372	-0.019992	-0.0212442	-0.183502
9.138519411	-0.0160337	-0.0204421	-0.0200287	-0.0200017	-0.0200041	-0.020001	-0.0203063	-0.0200309	-0.019992	-0.0212659	-0.183112
9.159474807	-0.0159861	-0.0204448	-0.0200292	-0.0200017	-0.0200041	-0.0200023	-0.0203217	-0.0200245	-0.0199919	-0.0212879	-0.182724
9.180188411	-0.0159398	-0.0204475	-0.0200297	-0.0200017	-0.020004	-0.0200035	-0.0203368	-0.0200181	-0.0199918	-0.02131	-0.182341
9.200821417	-0.0158945	-0.0204501	-0.0200302	-0.0200017	-0.020004	-0.0200047	-0.0203517	-0.0200117	-0.0199917	-0.0213323	-0.18196
9.221454422	-0.0158499	-0.0204526	-0.0200307	-0.0200018	-0.0200039	-0.0200059	-0.0203663	-0.0200053	-0.0199916	-0.0213549	-0.181581
9.241988231	-0.0158064	-0.0204551	-0.0200312	-0.0200018	-0.0200039	-0.0200071	-0.0203807	-0.0199988	-0.0199916	-0.0213777	-0.181204
9.262224448	-0.0157644	-0.0204576	-0.0200317	-0.0200018	-0.0200038	-0.0200082	-0.0203947	-0.0199924	-0.0199915	-0.0214004	-0.180833
9.282460665	-0.0157232	-0.02046	-0.0200322	-0.0200018	-0.0200038	-0.0200094	-0.0204084	-0.019986	-0.0199914	-0.0214235	-0.180463
9.297637828	-0.0156929	-0.0204618	-0.0200326	-0.0200019	-0.0200037	-0.0200103	-0.0204186	-0.0199811	-0.0199913	-0.021441	-0.180186
9.317874045	-0.0156532	-0.0204641	-0.0200331	-0.0200019	-0.0200037	-0.0200114	-0.020432	-0.0199746	-0.0199913	-0.0214646	-0.179817
9.338110263	-0.0156146	-0.0204664	-0.0200337	-0.0200019	-0.0200036	-0.0200125	-0.0204453	-0.019968	-0.0199912	-0.0214885	-0.179449
9.35834648	-0.0155769	-0.0204686	-0.0200342	-0.0200019	-0.0200036	-0.0200137	-0.0204583	-0.0199614	-0.0199911	-0.0215127	-0.179081
9.378040655	-0.0155411	-0.0204708	-0.0200347	-0.020002	-0.0200035	-0.0200148	-0.0204707	-0.0199549	-0.019991	-0.0215366	-0.178724
9.402432524	-0.0154983	-0.0204734	-0.0200354	-0.020002	-0.0200034	-0.0200161	-0.0204859	-0.0199469	-0.0199909	-0.0215666	-0.178283
9.421946019	-0.0154651	-0.0204754	-0.020036	-0.020002	-0.0200034	-0.0200171	-0.0204978	-0.0199404	-0.0199908	-0.021591	-0.17793
9.441459515	-0.015433	-0.0204774	-0.0200365	-0.0200021	-0.0200033	-0.0200182	-0.0205095	-0.0199338	-0.0199907	-0.0216156	-0.177579
9.46097301	-0.0154019	-0.0204793	-0.0200371	-0.0200021	-0.0200033	-0.0200192	-0.020521	-0.0199272	-0.0199906	-0.0216406	-0.177228
9.480486505	-0.0153719	-0.0204812	-0.0200376	-0.0200021	-0.0200032	-0.0200202	-0.0205323	-0.0199206	-0.0199906	-0.0216658	-0.176878
9.5	-0.0153431	-0.0204831	-0.0200382	-0.0200021	-0.0200031	-0.0200212	-0.0205434	-0.0199139	-0.0199905	-0.0216914	-0.176529
9.519417476	-0.0153156	-0.0204849	-0.0200388	-0.0200022	-0.0200031	-0.0200222	-0.0205542	-0.0199072	-0.0199904	-0.0217171	-0.176183
9.538640777	-0.0152896	-0.0204866	-0.0200394	-0.0200022	-0.020003	-0.0200232	-0.0205648	-0.0199005	-0.0199903	-0.0217429	-0.175842
9.557864078	-0.0152647	-0.0204883	-0.0200399	-0.0200022	-0.0200029	-0.0200241	-0.0205751	-0.0198938	-0.0199902	-0.0217691	-0.175502
9.581893204	-0.0152354	-0.0204903	-0.0200407	-0.0200023	-0.0200029	-0.0200253	-0.0205877	-0.0198854	-0.0199901	-0.0218021	-0.175078
9.600898058	-0.0152136	-0.0204919	-0.0200413	-0.0200023	-0.0200028	-0.0200262	-0.0205975	-0.0198786	-0.01999	-0.0218287	-0.174745
9.619902913	-0.015193	-0.0204934	-0.0200419	-0.0200023	-0.0200027	-0.0200271	-0.0206071	-0.0198719	-0.0199899	-0.0218555	-0.174414
9.638907767	-0.0151738	-0.0204948	-0.0200425	-0.0200023	-0.0200026	-0.020028	-0.0206164	-0.0198651	-0.0199898	-0.0218826	-0.174084
9.657912621	-0.015156	-0.0204962	-0.0200431	-0.0200024	-0.0200026	-0.0200288	-0.0206256	-0.0198582	-0.0199898	-0.0219101	-0.173756
9.681467934	-0.0151357	-0.0204978	-0.0200439	-0.0200024	-0.0200025	-0.0200298	-0.0206367	-0.0198497	-0.0199896	-0.0219446	-0.173352
9.700205114	-0.0151212	-0.0204991	-0.0200445	-0.0200025	-0.0200024	-0.0200306	-0.0206453	-0.0198429	-0.0199896	-0.0219723	-0.173033
9.718942295	-0.015108	-0.0205003	-0.0200451	-0.0200025	-0.0200023	-0.0200314	-0.0206537	-0.019836	-0.0199895	-0.0220004	-0.172716
9.737679475	-0.0150963	-0.0205014	-0.0200458	-0.0200025	-0.0200023	-0.0200322	-0.0206619	-0.0198291	-0.0199894	-0.0220288	-0.172401
9.76110095	-0.0150837	-0.0205028	-0.0200466	-0.0200026	-0.0200022	-0.0200331	-0.0206718	-0.0198204	-0.0199893	-0.0220648	-0.172011
9.779838131	-0.0150753	-0.0205038	-0.0200472	-0.0200026	-0.0200021	-0.0200338	-0.0206796	-0.0198134	-0.0199892	-0.0220939	-0.171701
9.798575311	-0.0150685	-0.0205047	-0.0200479	-0.0200026	-0.020002	-0.0200345	-0.0206872	-0.0198064	-0.0199891	-0.0221234	-0.171393
9.821996787	-0.0150621	-0.0205058	-0.0200487	-0.0200027	-0.0200019	-0.0200353	-0.0206963	-0.0197975	-0.019989	-0.0221606	-0.171012
9.840733967	-0.0150588	-0.0205066	-0.0200494	-0.0200027	-0.0200018	-0.0200359	-0.0207034	-0.0197904	-0.0199889	-0.0221908	-0.170709
9.859471147	-0.0150572	-0.0205074	-0.0200501	-0.0200027	-0.0200017	-0.0200365	-0.0207104	-0.0197833	-0.0199888	-0.0222213	-0.170409
9.878208328	-0.0150573	-0.0205081	-0.0200508	-0.0200028	-0.0200016	-0.0200371	-0.0207171	-0.0197761	-0.0199887	-0.0222522	-0.170112
9.901629803	-0.0150597	-0.0205088	-0.0200516	-0.0200028	-0.0200015	-0.0200378	-0.0207252	-0.019767	-0.0199885	-0.0222912	-0.169743
9.920366983	-0.0150637	-0.0205094	-0.0200523	-0.0200029	-0.0200014	-0.0200383	-0.0207315	-0.0197597	-0.0199884	-0.0223228	-0.169451
9.939104164	-0.0150694	-0.0205098	-0.020053	-0.0200029	-0.0200013	-0.0200388	-0.0207375	-0.0197524	-0.0199884	-0.0223548	-0.169161
9.957841344	-0.0150769	-0.0205102	-0.0200538	-0.0200029	-0.0200012	-0.0200393	-0.0207434	-0.019745	-0.0199883	-0.0223871	-0.168873
9.98126282	-0.015089	-0.0205106	-0.0200547	-0.020003	-0.0200011	-0.0200398	-0.0207505	-0.0197357	-0.0199881	-0.0224279	-0.168517
10	-0.0151007	-0.0205109	-0.0200554	-0.020003	-0.020001	-0.0200402	-0.0207559	-0.0197283	-0.019988	-0.022461	-0.168236
