/*--------------------------------*- C++ -*----------------------------------*\
| =========                 |                                                 |
| \\      /  F ield         | OpenFOAM: The Open Source CFD Toolbox           |
|  \\    /   O peration     | Version:  v1912                                 |
|   \\  /    A nd           | Website:  www.openfoam.com                      |
|    \\/     M anipulation  |                                                 |
\*---------------------------------------------------------------------------*/
FoamFile
{
    version	2.0;
    format	ascii;
    class	dictionary;
    object	waveProperties;
}
// * * * * * * * * * * * * * * * * * * * * * * * * * * * * * * * * * * * * * //

seaLevel            0.75;

seaLevelAsReference true;

relaxationNames     ( inlet );

initializationName  init;

inletCoeffs
{
    waveType            irregular;
    spectrum            JONSWAP;
    N                   200;
    Tsoft               24.16;
    Hs                  5.86;
    Tp                  12.08;
    gamma               3.3;
    depth               15.75;
    direction           ( 1 0 0 );
    spectramValues  nonuniform List<scalar> 
201
(
2.19586e-40
3.24091e-33
1.73818e-27
7.22146e-23
4.08523e-19
4.81382e-16
1.63324e-13
2.0466e-11
1.14908e-09
3.36264e-08
5.77863e-07
6.41142e-06
4.95463e-05
0.000283486
0.00126189
0.00455001
0.0137364
0.0356817
0.0815701
0.16722
0.312272
0.538251
0.865895
1.31236
1.88891
2.59954
3.44068
4.4019
5.46748
6.61848
7.83515
9.09938
10.3971
11.7202
13.0682
14.4491
15.8797
17.3849
18.9961
20.75
22.6853
24.8399
27.2474
29.933
32.9093
36.1726
39.6993
43.4447
47.3436
51.3134
55.2605
59.0876
62.7025
66.0259
68.9976
71.58
73.7586
75.5406
76.9508
78.0271
78.8159
79.367
79.7303
79.9525
80.0753
80.1336
80.1553
80.1607
80.1606
80.1586
80.1501
80.1273
80.0793
79.9922
79.8492
79.631
79.3159
78.8804
78.3
77.55
76.6066
75.4483
74.0572
72.4205
70.5324
68.3949
66.0186
63.4237
60.6392
57.7022
54.6564
51.5497
48.4316
45.3508
42.3527
39.4767
36.7554
34.2132
31.866
29.7221
27.7822
26.0413
24.4893
23.1126
21.895
20.8189
19.8663
19.0192
18.2605
17.5744
16.9464
16.3643
15.8175
15.2974
14.7974
14.3125
13.8392
13.3753
12.9193
12.4705
12.0289
11.5946
11.1679
10.7493
10.3393
9.93828
9.54668
9.16488
8.7932
8.43188
8.08112
7.74106
7.4118
7.09336
6.78575
6.48892
6.20278
5.92723
5.66212
5.40727
5.16249
4.92758
4.70229
4.48639
4.27962
4.08172
3.89242
3.71144
3.5385
3.37334
3.21566
3.06519
2.92166
2.7848
2.65433
2.53
2.41155
2.29873
2.1913
2.08902
1.99166
1.89901
1.81084
1.72694
1.64713
1.57121
1.49899
1.4303
1.36497
1.30283
1.24373
1.18752
1.13407
1.08322
1.03487
0.988867
0.945111
0.903486
0.863885
0.826207
0.790354
0.756235
0.723763
0.692854
0.66343
0.635415
0.608739
0.583333
0.559135
0.536082
0.514118
0.493187
0.473237
0.45422
0.436088
0.418797
0.402306
0.386573
0.371562
0.357237
0.343564
)
;

    fspectrum       nonuniform List<scalar> 
201
(
0.0275938
0.0288685
0.0301426
0.0314153
0.0326859
0.0339538
0.0352183
0.0364788
0.0377345
0.0389848
0.0402291
0.0414665
0.0426966
0.0439187
0.045132
0.0463359
0.0475299
0.0487132
0.0498853
0.0510454
0.0521931
0.0533276
0.0544484
0.0555548
0.0566464
0.0577224
0.0587824
0.0598257
0.0608518
0.0618602
0.0628503
0.0638215
0.0647735
0.0657056
0.0666174
0.0675083
0.068378
0.0692259
0.0700515
0.0708546
0.0716345
0.0723909
0.0731235
0.0738317
0.0745153
0.0751738
0.075807
0.0764144
0.0769958
0.0775508
0.0780791
0.0785805
0.0790548
0.0795015
0.0799206
0.0803117
0.0806747
0.0810094
0.0813156
0.0815931
0.0818418
0.0820615
0.0822522
0.0824138
0.082546
0.082649
0.0827226
0.0827815
0.082793
0.0828276
0.0828854
0.0829662
0.08307
0.083197
0.0833469
0.0835199
0.0837159
0.0839348
0.0841767
0.0844414
0.0847291
0.0850395
0.0853727
0.0857287
0.0861073
0.0865086
0.0869325
0.0873788
0.0878476
0.0883388
0.0888524
0.0893881
0.0899461
0.0905261
0.0911281
0.0917521
0.0923979
0.0930655
0.0937547
0.0944655
0.0951978
0.0959514
0.0967263
0.0975223
0.0983394
0.0991773
0.100036
0.100916
0.101816
0.102736
0.103677
0.104638
0.105619
0.10662
0.107641
0.108681
0.109741
0.11082
0.111918
0.113035
0.114172
0.115327
0.1165
0.117692
0.118902
0.12013
0.121376
0.12264
0.123921
0.12522
0.126536
0.127869
0.129218
0.130584
0.131967
0.133366
0.134781
0.136212
0.137658
0.13912
0.140597
0.142089
0.143596
0.145118
0.146654
0.148204
0.149768
0.151346
0.152937
0.154542
0.156159
0.15779
0.159433
0.161089
0.162757
0.164437
0.166128
0.167831
0.169545
0.17127
0.173006
0.174753
0.176509
0.178276
0.180053
0.181839
0.183634
0.185438
0.187251
0.189073
0.190903
0.192741
0.194586
0.196439
0.1983
0.200167
0.202041
0.203922
0.205808
0.207701
0.209599
0.211503
0.213412
0.215326
0.217244
0.219167
0.221094
0.223024
0.224958
0.226896
0.228836
0.230779
0.232725
0.234672
0.236622
0.238573
0.240526
0.242479
0.244434
0.246389
0.248344
)
;

    amplitude           nonuniform List<scalar>
    200
    (
        2.03255e-18
        1.48812e-15
        3.03163e-13
        2.27855e-11
        7.81583e-10
        1.43922e-08
        1.61253e-07
        1.21187e-06
        6.59394e-06
        2.75832e-05
        9.30008e-05
        0.00026236
        0.000637946
        0.00136932
        0.00264524
        0.00467261
        0.00764705
        0.0117228
        0.0169893
        0.0234582
        0.0310634
        0.0396705
        0.0490932
        0.0591126
        0.0694963
        0.0800149
        0.0904561
        0.100634
        0.110396
        0.119626
        0.12825
        0.136234
        0.143582
        0.150337
        0.156578
        0.162406
        0.167943
        0.173317
        0.178653
        0.184057
        0.189605
        0.195335
        0.20124
        0.207261
        0.21329
        0.219176
        0.22473
        0.229743
        0.233999
        0.237295
        0.239449
        0.240321
        0.239812
        0.23787
        0.234488
        0.229692
        0.223535
        0.216078
        0.207385
        0.197502
        0.186445
        0.17418
        0.160603
        0.145492
        0.12843
        0.1086
        0.0971621
        0.0430257
        0.0745205
        0.0961979
        0.113804
        0.129001
        0.142539
        0.154823
        0.166092
        0.17649
        0.186103
        0.194978
        0.203134
        0.210569
        0.217268
        0.223202
        0.228342
        0.232654
        0.236109
        0.238685
        0.24037
        0.241169
        0.2411
        0.240205
        0.23854
        0.236185
        0.233231
        0.229786
        0.225964
        0.221883
        0.217661
        0.21341
        0.209228
        0.205202
        0.201401
        0.197876
        0.194659
        0.191765
        0.189192
        0.186923
        0.18493
        0.183176
        0.181619
        0.180213
        0.178915
        0.177682
        0.176475
        0.175264
        0.174022
        0.172729
        0.171371
        0.16994
        0.168431
        0.166843
        0.165178
        0.163437
        0.161625
        0.159748
        0.15781
        0.155818
        0.153775
        0.151689
        0.149563
        0.147404
        0.145217
        0.143005
        0.140774
        0.138528
        0.136271
        0.134007
        0.131739
        0.129472
        0.127207
        0.12495
        0.122701
        0.120464
        0.118241
        0.116035
        0.113847
        0.111679
        0.109534
        0.107412
        0.105315
        0.103245
        0.101201
        0.0991864
        0.0972006
        0.0952446
        0.0933192
        0.0914248
        0.0895619
        0.0877307
        0.0859317
        0.0841648
        0.0824303
        0.0807281
        0.0790583
        0.0774208
        0.0758154
        0.074242
        0.0727004
        0.0711902
        0.0697113
        0.0682633
        0.0668458
        0.0654586
        0.0641011
        0.062773
        0.0614739
        0.0602032
        0.0589606
        0.0577456
        0.0565578
        0.0553965
        0.0542615
        0.053152
        0.0520678
        0.0510082
        0.0499728
        0.0489611
        0.0479727
        0.0470069
        0.0460633
        0.0451415
        0.044241
        0.0433613
        0.0425019
        0.0416624
        0.0408423
        0.0400411
        0.0392585
        0.038494
        0.0377472
        0.0370176
    );
    frequency           nonuniform List<scalar>
    200
    (
        0.0282312
        0.0295056
        0.0307789
        0.0320506
        0.0333199
        0.0345861
        0.0358486
        0.0371067
        0.0383597
        0.0396069
        0.0408478
        0.0420816
        0.0433076
        0.0445253
        0.045734
        0.0469329
        0.0481216
        0.0492992
        0.0504653
        0.0516192
        0.0527603
        0.053888
        0.0550016
        0.0561006
        0.0571844
        0.0582524
        0.059304
        0.0603387
        0.061356
        0.0623552
        0.0633359
        0.0642975
        0.0652395
        0.0661615
        0.0670628
        0.0679431
        0.0688019
        0.0696387
        0.0704531
        0.0712445
        0.0720127
        0.0727572
        0.0734776
        0.0741735
        0.0748446
        0.0754904
        0.0761107
        0.0767051
        0.0772733
        0.077815
        0.0783298
        0.0788177
        0.0792781
        0.079711
        0.0801161
        0.0804932
        0.080842
        0.0811625
        0.0814543
        0.0817174
        0.0819517
        0.0821569
        0.082333
        0.0824799
        0.0825975
        0.0826858
        0.082752
        0.0827872
        0.0828103
        0.0828565
        0.0829258
        0.0830181
        0.0831335
        0.083272
        0.0834334
        0.0836179
        0.0838254
        0.0840557
        0.0843091
        0.0845853
        0.0848843
        0.0852061
        0.0855507
        0.085918
        0.086308
        0.0867205
        0.0871556
        0.0876132
        0.0880932
        0.0885956
        0.0891202
        0.0896671
        0.0902361
        0.0908271
        0.0914401
        0.092075
        0.0927317
        0.0934101
        0.0941101
        0.0948316
        0.0955746
        0.0963388
        0.0971243
        0.0979308
        0.0987583
        0.0996067
        0.100476
        0.101366
        0.102276
        0.103207
        0.104157
        0.105128
        0.106119
        0.10713
        0.108161
        0.109211
        0.11028
        0.111369
        0.112477
        0.113604
        0.114749
        0.115913
        0.117096
        0.118297
        0.119516
        0.120753
        0.122008
        0.123281
        0.124571
        0.125878
        0.127202
        0.128543
        0.129901
        0.131276
        0.132667
        0.134073
        0.135496
        0.136935
        0.138389
        0.139858
        0.141343
        0.142843
        0.144357
        0.145886
        0.147429
        0.148986
        0.150557
        0.152141
        0.153739
        0.155351
        0.156975
        0.158612
        0.160261
        0.161923
        0.163597
        0.165282
        0.166979
        0.168688
        0.170408
        0.172138
        0.173879
        0.175631
        0.177393
        0.179164
        0.180946
        0.182736
        0.184536
        0.186345
        0.188162
        0.189988
        0.191822
        0.193663
        0.195513
        0.19737
        0.199233
        0.201104
        0.202981
        0.204865
        0.206755
        0.20865
        0.210551
        0.212458
        0.214369
        0.216285
        0.218205
        0.22013
        0.222059
        0.223991
        0.225927
        0.227866
        0.229808
        0.231752
        0.233698
        0.235647
        0.237598
        0.239549
        0.241503
        0.243457
        0.245412
        0.247367
    );
    phaselag            nonuniform List<scalar>
    200
    (
        1.12089
        2.51125
        1.04677
        1.3328
        0.389154
        0.340234
        1.73206
        0.300068
        2.01711
        1.71364
        2.31056
        1.39717
        1.38015
        1.26755
        0.277187
        2.16091
        4.06933
        0.939111
        0.186408
        5.51974
        4.11812
        3.31528
        3.17839
        5.75346
        1.18177
        0.748679
        0.365033
        4.52345
        4.00575
        5.53452
        2.58905
        5.12664
        1.76258
        3.63582
        0.176257
        2.15173
        3.97605
        1.90831
        2.4518
        5.99316
        3.62195
        4.76236
        1.10715
        5.0021
        6.02991
        1.38434
        0.879825
        3.81606
        2.32345
        1.06623
        3.05261
        0.158378
        4.38152
        6.231
        5.91184
        5.56329
        0.696498
        6.27687
        3.80355
        4.70225
        5.52821
        0.109411
        3.5457
        1.0076
        3.74523
        3.72196
        3.15933
        1.4381
        5.63028
        5.61114
        1.14807
        2.96904
        4.09031
        2.25522
        1.68795
        3.83704
        3.63956
        2.56778
        1.36991
        5.963
        3.63401
        4.42252
        6.12138
        1.73234
        4.37034
        5.75004
        1.01244
        5.06684
        5.74372
        4.81599
        3.4859
        4.98874
        4.92541
        0.748423
        5.99634
        2.38745
        4.47038
        2.87249
        3.82554
        3.81748
        2.20044
        4.97362
        0.503333
        0.00756762
        0.945652
        2.19129
        3.84461
        4.58521
        4.75906
        5.21452
        4.26503
        2.10989
        3.35386
        4.10322
        3.84223
        1.44102
        3.57007
        4.85467
        0.224672
        3.03061
        3.38748
        3.71058
        1.73617
        2.0297
        4.459
        1.44932
        4.41715
        2.6462
        4.32181
        1.95951
        0.180489
        0.23907
        0.649941
        0.683822
        0.246637
        1.59559
        2.87511
        4.09125
        6.1808
        1.35099
        3.02258
        4.16264
        3.46087
        0.0932557
        1.98268
        1.01992
        1.53427
        5.55275
        5.87459
        1.75895
        2.30018
        2.97889
        5.46952
        4.03634
        5.00859
        3.64533
        5.48566
        3.14256
        0.0083477
        3.52429
        5.10206
        0.188836
        3.76336
        5.75201
        0.872658
        4.01
        1.06441
        3.74777
        1.81806
        0.96203
        5.09875
        4.84064
        5.12467
        2.27644
        4.93389
        0.824169
        3.29636
        0.184981
        0.0937355
        2.88776
        1.94393
        2.39391
        5.86665
        1.13026
        0.147066
        4.59205
        4.7756
        5.63273
        1.45142
        4.78395
        2.87383
        0.270303
        4.97278
        0.354007
        6.02231
        5.84544
        4.364
        0.803537
        3.31002
        6.18206
    );
    waveNumber          nonuniform List<vector>
    200
    (
        (0.0143916 0 0)
        (0.0150531 0 0)
        (0.0157156 0 0)
        (0.0163789 0 0)
        (0.0170427 0 0)
        (0.0177066 0 0)
        (0.0183705 0 0)
        (0.019034 0 0)
        (0.0196967 0 0)
        (0.0203585 0 0)
        (0.0210189 0 0)
        (0.0216777 0 0)
        (0.0223345 0 0)
        (0.0229891 0 0)
        (0.023641 0 0)
        (0.0242901 0 0)
        (0.0249358 0 0)
        (0.025578 0 0)
        (0.0262162 0 0)
        (0.0268502 0 0)
        (0.0274794 0 0)
        (0.0281037 0 0)
        (0.0287226 0 0)
        (0.0293358 0 0)
        (0.0299429 0 0)
        (0.0305436 0 0)
        (0.0311374 0 0)
        (0.031724 0 0)
        (0.032303 0 0)
        (0.032874 0 0)
        (0.0334367 0 0)
        (0.0339907 0 0)
        (0.0345355 0 0)
        (0.0350708 0 0)
        (0.0355962 0 0)
        (0.0361114 0 0)
        (0.0366159 0 0)
        (0.0371093 0 0)
        (0.0375913 0 0)
        (0.0380615 0 0)
        (0.0385195 0 0)
        (0.0389649 0 0)
        (0.0393975 0 0)
        (0.0398167 0 0)
        (0.0402224 0 0)
        (0.040614 0 0)
        (0.0409913 0 0)
        (0.041354 0 0)
        (0.0417016 0 0)
        (0.042034 0 0)
        (0.0423508 0 0)
        (0.0426517 0 0)
        (0.0429365 0 0)
        (0.0432048 0 0)
        (0.0434564 0 0)
        (0.0436911 0 0)
        (0.0439086 0 0)
        (0.0441088 0 0)
        (0.0442914 0 0)
        (0.0444563 0 0)
        (0.0446033 0 0)
        (0.0447322 0 0)
        (0.044843 0 0)
        (0.0449354 0 0)
        (0.0450095 0 0)
        (0.0450651 0 0)
        (0.0451069 0 0)
        (0.0451291 0 0)
        (0.0451437 0 0)
        (0.0451728 0 0)
        (0.0452165 0 0)
        (0.0452748 0 0)
        (0.0453477 0 0)
        (0.0454352 0 0)
        (0.0455374 0 0)
        (0.0456542 0 0)
        (0.0457857 0 0)
        (0.045932 0 0)
        (0.046093 0 0)
        (0.0462687 0 0)
        (0.0464594 0 0)
        (0.0466649 0 0)
        (0.0468854 0 0)
        (0.0471208 0 0)
        (0.0473713 0 0)
        (0.047637 0 0)
        (0.0479178 0 0)
        (0.0482139 0 0)
        (0.0485253 0 0)
        (0.0488522 0 0)
        (0.0491946 0 0)
        (0.0495526 0 0)
        (0.0499263 0 0)
        (0.0503158 0 0)
        (0.0507212 0 0)
        (0.0511427 0 0)
        (0.0515804 0 0)
        (0.0520344 0 0)
        (0.0525048 0 0)
        (0.0529918 0 0)
        (0.0534956 0 0)
        (0.0540162 0 0)
        (0.0545539 0 0)
        (0.0551089 0 0)
        (0.0556813 0 0)
        (0.0562713 0 0)
        (0.0568791 0 0)
        (0.0575049 0 0)
        (0.058149 0 0)
        (0.0588116 0 0)
        (0.0594929 0 0)
        (0.0601932 0 0)
        (0.0609127 0 0)
        (0.0616518 0 0)
        (0.0624106 0 0)
        (0.0631895 0 0)
        (0.0639888 0 0)
        (0.0648088 0 0)
        (0.0656498 0 0)
        (0.0665123 0 0)
        (0.0673965 0 0)
        (0.0683028 0 0)
        (0.0692316 0 0)
        (0.0701833 0 0)
        (0.0711583 0 0)
        (0.072157 0 0)
        (0.07318 0 0)
        (0.0742275 0 0)
        (0.0753002 0 0)
        (0.0763985 0 0)
        (0.0775228 0 0)
        (0.0786737 0 0)
        (0.0798518 0 0)
        (0.0810575 0 0)
        (0.0822915 0 0)
        (0.0835542 0 0)
        (0.0848463 0 0)
        (0.0861684 0 0)
        (0.0875211 0 0)
        (0.0889049 0 0)
        (0.0903205 0 0)
        (0.0917686 0 0)
        (0.0932498 0 0)
        (0.0947648 0 0)
        (0.0963141 0 0)
        (0.0978985 0 0)
        (0.0995186 0 0)
        (0.101175 0 0)
        (0.102869 0 0)
        (0.1046 0 0)
        (0.106369 0 0)
        (0.108178 0 0)
        (0.110026 0 0)
        (0.111915 0 0)
        (0.113844 0 0)
        (0.115815 0 0)
        (0.117828 0 0)
        (0.119883 0 0)
        (0.121982 0 0)
        (0.124124 0 0)
        (0.12631 0 0)
        (0.128541 0 0)
        (0.130817 0 0)
        (0.133137 0 0)
        (0.135504 0 0)
        (0.137916 0 0)
        (0.140374 0 0)
        (0.142879 0 0)
        (0.14543 0 0)
        (0.148027 0 0)
        (0.150671 0 0)
        (0.153362 0 0)
        (0.156099 0 0)
        (0.158882 0 0)
        (0.161712 0 0)
        (0.164588 0 0)
        (0.16751 0 0)
        (0.170478 0 0)
        (0.173491 0 0)
        (0.17655 0 0)
        (0.179653 0 0)
        (0.1828 0 0)
        (0.185992 0 0)
        (0.189227 0 0)
        (0.192505 0 0)
        (0.195825 0 0)
        (0.199188 0 0)
        (0.202592 0 0)
        (0.206037 0 0)
        (0.209523 0 0)
        (0.213048 0 0)
        (0.216612 0 0)
        (0.220215 0 0)
        (0.223855 0 0)
        (0.227533 0 0)
        (0.231248 0 0)
        (0.234998 0 0)
        (0.238784 0 0)
        (0.242604 0 0)
        (0.246458 0 0)
    );

    frequencyAxis
    {
        discretisation      cosineStretchedFrequencyAxis;
        lowerFrequencyCutoff 0.0275938;
        upperFrequencyCutoff 0.248344;
        writeSpectrum       true;
    }

    relaxationZone
    {
        relaxationScheme    Spatial;
        relaxationShape     Rectangular;
        beachType           Empty;
        relaxType           INLET;
        startX              ( 0 0 -1 );
        endX                ( 400 0 1 );
        orientation         ( 1 0 0 );
        fieldNames          ( alpha.water U );
    }
}

initCoeffs
{
    waveType            potentialCurrent;
    U                   ( 0 0 0 );
    Tsoft               24.16;
}



// ************************************************************************* //
