/*--------------------------------*- C++ -*----------------------------------*\
| =========                 |                                                 |
| \\      /  F ield         | OpenFOAM: The Open Source CFD Toolbox           |
|  \\    /   O peration     | Version:  v1912                                 |
|   \\  /    A nd           | Website:  www.openfoam.com                      |
|    \\/     M anipulation  |                                                 |
\*---------------------------------------------------------------------------*/
FoamFile
{
    version	2.0;
    format	ascii;
    class	dictionary;
    object	waveProperties;
}
// * * * * * * * * * * * * * * * * * * * * * * * * * * * * * * * * * * * * * //

seaLevel            -0.91;

seaLevelAsReference true;

relaxationNames     ( inlet );

initializationName  init;

inletCoeffs
{
    waveType            irregular;
    spectrum            JONSWAP;
    N                   200;
    Tsoft               16.76;
    Hs                  3.02;
    Tp                  8.38;
    gamma               3.3;
    depth               14.09;
    direction           ( 1 0 0 );
    spectramValues  nonuniform List<scalar> 
201
(
4.04577e-41
7.4339e-34
4.55039e-28
2.03704e-23
1.19541e-19
1.42527e-16
4.81467e-14
5.94622e-12
3.27023e-10
9.3418e-09
1.56455e-07
1.69103e-06
1.2735e-05
7.10696e-05
0.000308919
0.00108914
0.00321964
0.00820081
0.0184089
0.0371067
0.0682213
0.115909
0.184006
0.275493
0.392087
0.534044
0.700168
0.888021
1.09428
1.31517
1.54698
1.78649
2.03149
2.28108
2.53595
2.79847
3.07271
3.36418
3.67954
4.02611
4.41136
4.84219
5.32417
5.86076
6.45246
7.09612
7.7845
8.50628
9.24647
9.98753
10.7107
11.398
12.0332
12.6038
13.1017
13.5232
13.8689
14.1431
14.3528
14.5066
14.6141
14.6851
14.7285
14.7525
14.7639
14.7682
14.7692
14.7692
14.7688
14.7673
14.7632
14.7547
14.7391
14.7135
14.6745
14.6181
14.5402
14.4363
14.302
14.1329
13.9252
13.6756
13.3816
13.042
12.6569
12.2282
11.7592
11.2549
10.7218
10.1675
9.60071
9.0302
8.46485
7.91298
7.38193
6.87785
6.40543
5.96791
5.56704
5.2033
4.87599
4.5835
4.32352
4.09324
3.88955
3.7092
3.54894
3.40563
3.27634
3.1584
3.04945
2.9475
2.85089
2.7583
2.66874
2.58148
2.49604
2.41212
2.32956
2.24829
2.16833
2.08973
2.01256
1.9369
1.86285
1.79048
1.71985
1.65104
1.58409
1.51905
1.45593
1.39476
1.33556
1.27833
1.22306
1.16973
1.11834
1.06886
1.02126
0.975504
0.931561
0.889389
0.848946
0.810187
0.773065
0.737532
0.703539
0.671037
0.639975
0.610304
0.581972
0.554931
0.52913
0.504522
0.481058
0.458693
0.437379
0.417072
0.39773
0.379309
0.361769
0.345071
0.329176
0.314047
0.299649
0.285948
0.27291
0.260505
0.248702
0.237472
0.226787
0.216622
0.20695
0.197747
0.188991
0.180659
0.17273
0.165184
0.158003
0.151167
0.144661
0.138466
0.132568
0.126952
0.121604
0.11651
0.111657
0.107034
0.102629
0.0984308
0.0944294
0.0906147
0.0869777
0.0835092
0.0802011
0.0770453
0.0740343
0.0711608
0.0684182
0.0657999
0.0632999
)
;

    fspectrum       nonuniform List<scalar> 
201
(
0.0397772
0.0416422
0.0435061
0.045368
0.0472268
0.0490816
0.0509312
0.0527747
0.054611
0.0564392
0.0582582
0.060067
0.0618648
0.0636503
0.0654228
0.0671811
0.0689244
0.0706517
0.072362
0.0740544
0.0757279
0.0773817
0.0790149
0.0806264
0.0822155
0.0837813
0.0853229
0.0868395
0.0883302
0.0897942
0.0912307
0.0926389
0.0940181
0.0953675
0.0966863
0.0979739
0.0992294
0.100452
0.101642
0.102797
0.103918
0.105004
0.106054
0.107067
0.108043
0.108982
0.109883
0.110745
0.111569
0.112352
0.113096
0.1138
0.114463
0.115085
0.115665
0.116204
0.116701
0.117155
0.117567
0.117937
0.118263
0.118546
0.118786
0.118982
0.119135
0.119244
0.119332
0.119348
0.119397
0.119479
0.119594
0.119742
0.119922
0.120135
0.12038
0.120659
0.12097
0.121313
0.121689
0.122098
0.122539
0.123012
0.123517
0.124055
0.124625
0.125227
0.125861
0.126527
0.127224
0.127954
0.128715
0.129507
0.130331
0.131186
0.132073
0.13299
0.133938
0.134917
0.135927
0.136967
0.138038
0.139139
0.14027
0.141431
0.142621
0.143841
0.145091
0.14637
0.147678
0.149015
0.15038
0.151774
0.153197
0.154647
0.156126
0.157632
0.159166
0.160727
0.162315
0.163931
0.165572
0.167241
0.168935
0.170655
0.172402
0.174173
0.17597
0.177792
0.179639
0.18151
0.183405
0.185325
0.187268
0.189235
0.191224
0.193237
0.195273
0.19733
0.19941
0.201512
0.203635
0.205779
0.207944
0.21013
0.212336
0.214563
0.216809
0.219074
0.221358
0.223661
0.225983
0.228323
0.23068
0.233055
0.235448
0.237857
0.240282
0.242724
0.245182
0.247655
0.250143
0.252646
0.255164
0.257695
0.260241
0.2628
0.265372
0.267957
0.270554
0.273163
0.275784
0.278416
0.281059
0.283712
0.286376
0.28905
0.291733
0.294425
0.297126
0.299835
0.302552
0.305277
0.308009
0.310749
0.313494
0.316246
0.319003
0.321766
0.324533
0.327306
0.330082
0.332863
0.335646
0.338433
0.341223
0.344015
0.346809
0.349604
0.3524
0.355198
0.357995
)
;

    amplitude           nonuniform List<scalar>
    200
    (
        1.17745e-18
        9.20959e-16
        1.94752e-13
        1.49078e-11
        5.14363e-10
        9.45072e-09
        1.05121e-07
        7.81948e-07
        4.20432e-06
        1.73663e-05
        5.78087e-05
        0.00016104
        0.000386832
        0.000820677
        0.00156789
        0.00274071
        0.00444142
        0.00674616
        0.009693
        0.0132767
        0.0174503
        0.0221314
        0.0272123
        0.0325708
        0.0380804
        0.0436195
        0.0490774
        0.0543599
        0.0593924
        0.0641212
        0.0685151
        0.0725652
        0.0762841
        0.0797043
        0.082875
        0.0858579
        0.0887216
        0.0915352
        0.0943613
        0.0972494
        0.10023
        0.103308
        0.106463
        0.109646
        0.112783
        0.115778
        0.118521
        0.120894
        0.122784
        0.124089
        0.124725
        0.124633
        0.12378
        0.122156
        0.119772
        0.116653
        0.112835
        0.10835
        0.103225
        0.0974729
        0.0910786
        0.0839897
        0.0760934
        0.067173
        0.0568022
        0.0508205
        0.0220082
        0.0381182
        0.0492065
        0.0582124
        0.0659865
        0.0729126
        0.0791981
        0.0849655
        0.0902892
        0.0952139
        0.0997644
        0.103951
        0.107773
        0.111223
        0.114289
        0.116955
        0.119203
        0.12102
        0.122393
        0.123317
        0.12379
        0.123824
        0.123435
        0.122651
        0.12151
        0.120058
        0.118346
        0.116432
        0.114375
        0.112234
        0.110066
        0.107923
        0.105849
        0.103881
        0.102047
        0.100365
        0.098846
        0.0974901
        0.0962911
        0.0952363
        0.0943084
        0.0934867
        0.0927489
        0.0920723
        0.0914352
        0.0908178
        0.0902031
        0.0895769
        0.0889282
        0.0882491
        0.0875342
        0.0867806
        0.085987
        0.0851536
        0.0842816
        0.083373
        0.08243
        0.0814553
        0.0804516
        0.0794216
        0.078368
        0.0772936
        0.0762011
        0.0750928
        0.0739713
        0.0728389
        0.0716977
        0.0705501
        0.0693978
        0.0682429
        0.0670872
        0.0659322
        0.0647797
        0.063631
        0.0624876
        0.0613507
        0.0602215
        0.059101
        0.0579903
        0.0568902
        0.0558017
        0.0547253
        0.0536619
        0.0526119
        0.051576
        0.0505546
        0.049548
        0.0485567
        0.0475809
        0.0466209
        0.0456768
        0.0447489
        0.0438372
        0.0429419
        0.0420629
        0.0412003
        0.040354
        0.0395241
        0.0387103
        0.0379128
        0.0371312
        0.0363656
        0.0356157
        0.0348815
        0.0341626
        0.0334589
        0.0327703
        0.0320965
        0.0314373
        0.0307925
        0.0301618
        0.029545
        0.0289419
        0.0283523
        0.0277758
        0.0272123
        0.0266614
        0.0261231
        0.0255969
        0.0250827
        0.0245802
        0.0240891
        0.0236093
        0.0231404
        0.0226823
        0.0222347
        0.0217974
        0.0213701
        0.0209526
        0.0205447
        0.0201462
        0.0197568
        0.0193763
        0.0190046
    );
    frequency           nonuniform List<scalar>
    200
    (
        0.0407097
        0.0425742
        0.0444371
        0.0462974
        0.0481542
        0.0500064
        0.0518529
        0.0536928
        0.0555251
        0.0573487
        0.0591626
        0.0609659
        0.0627575
        0.0645366
        0.066302
        0.0680528
        0.0697881
        0.0715069
        0.0732082
        0.0748912
        0.0765548
        0.0781983
        0.0798206
        0.081421
        0.0829984
        0.0845521
        0.0860812
        0.0875848
        0.0890622
        0.0905124
        0.0919348
        0.0933285
        0.0946928
        0.0960269
        0.0973301
        0.0986016
        0.0998408
        0.101047
        0.10222
        0.103358
        0.104461
        0.105529
        0.10656
        0.107555
        0.108513
        0.109433
        0.110314
        0.111157
        0.11196
        0.112724
        0.113448
        0.114131
        0.114774
        0.115375
        0.115935
        0.116452
        0.116928
        0.117361
        0.117752
        0.1181
        0.118404
        0.118666
        0.118884
        0.119059
        0.11919
        0.119288
        0.11934
        0.119373
        0.119438
        0.119537
        0.119668
        0.119832
        0.120028
        0.120258
        0.12052
        0.120814
        0.121141
        0.121501
        0.121893
        0.122318
        0.122775
        0.123265
        0.123786
        0.12434
        0.124926
        0.125544
        0.126194
        0.126876
        0.127589
        0.128334
        0.129111
        0.129919
        0.130759
        0.131629
        0.132531
        0.133464
        0.134428
        0.135422
        0.136447
        0.137503
        0.138588
        0.139704
        0.14085
        0.142026
        0.143231
        0.144466
        0.145731
        0.147024
        0.148346
        0.149698
        0.151077
        0.152486
        0.153922
        0.155387
        0.156879
        0.158399
        0.159947
        0.161521
        0.163123
        0.164751
        0.166406
        0.168088
        0.169795
        0.171528
        0.173287
        0.175072
        0.176881
        0.178715
        0.180574
        0.182458
        0.184365
        0.186296
        0.188251
        0.19023
        0.192231
        0.194255
        0.196301
        0.19837
        0.200461
        0.202573
        0.204707
        0.206862
        0.209037
        0.211233
        0.21345
        0.215686
        0.217941
        0.220216
        0.22251
        0.224822
        0.227153
        0.229502
        0.231868
        0.234252
        0.236652
        0.23907
        0.241503
        0.243953
        0.246418
        0.248899
        0.251395
        0.253905
        0.25643
        0.258968
        0.26152
        0.264086
        0.266664
        0.269255
        0.271858
        0.274473
        0.2771
        0.279737
        0.282385
        0.285044
        0.287713
        0.290391
        0.293079
        0.295775
        0.29848
        0.301194
        0.303915
        0.306643
        0.309379
        0.312121
        0.31487
        0.317624
        0.320384
        0.32315
        0.32592
        0.328694
        0.331472
        0.334255
        0.33704
        0.339828
        0.342619
        0.345412
        0.348206
        0.351002
        0.353799
        0.356596
    );
    phaselag            nonuniform List<scalar>
    200
    (
        1.12089
        2.51125
        1.04677
        1.3328
        0.389154
        0.340234
        1.73206
        0.300068
        2.01711
        1.71364
        2.31056
        1.39717
        1.38015
        1.26755
        0.277187
        2.16091
        4.06933
        0.939111
        0.186408
        5.51974
        4.11812
        3.31528
        3.17839
        5.75346
        1.18177
        0.748679
        0.365033
        4.52345
        4.00575
        5.53452
        2.58905
        5.12664
        1.76258
        3.63582
        0.176257
        2.15173
        3.97605
        1.90831
        2.4518
        5.99316
        3.62195
        4.76236
        1.10715
        5.0021
        6.02991
        1.38434
        0.879825
        3.81606
        2.32345
        1.06623
        3.05261
        0.158378
        4.38152
        6.231
        5.91184
        5.56329
        0.696498
        6.27687
        3.80355
        4.70225
        5.52821
        0.109411
        3.5457
        1.0076
        3.74523
        3.72196
        3.15933
        1.4381
        5.63028
        5.61114
        1.14807
        2.96904
        4.09031
        2.25522
        1.68795
        3.83704
        3.63956
        2.56778
        1.36991
        5.963
        3.63401
        4.42252
        6.12138
        1.73234
        4.37034
        5.75004
        1.01244
        5.06684
        5.74372
        4.81599
        3.4859
        4.98874
        4.92541
        0.748423
        5.99634
        2.38745
        4.47038
        2.87249
        3.82554
        3.81748
        2.20044
        4.97362
        0.503333
        0.00756762
        0.945652
        2.19129
        3.84461
        4.58521
        4.75906
        5.21452
        4.26503
        2.10989
        3.35386
        4.10322
        3.84223
        1.44102
        3.57007
        4.85467
        0.224672
        3.03061
        3.38748
        3.71058
        1.73617
        2.0297
        4.459
        1.44932
        4.41715
        2.6462
        4.32181
        1.95951
        0.180489
        0.23907
        0.649941
        0.683822
        0.246637
        1.59559
        2.87511
        4.09125
        6.1808
        1.35099
        3.02258
        4.16264
        3.46087
        0.0932557
        1.98268
        1.01992
        1.53427
        5.55275
        5.87459
        1.75895
        2.30018
        2.97889
        5.46952
        4.03634
        5.00859
        3.64533
        5.48566
        3.14256
        0.0083477
        3.52429
        5.10206
        0.188836
        3.76336
        5.75201
        0.872658
        4.01
        1.06441
        3.74777
        1.81806
        0.96203
        5.09875
        4.84064
        5.12467
        2.27644
        4.93389
        0.824169
        3.29636
        0.184981
        0.0937355
        2.88776
        1.94393
        2.39391
        5.86665
        1.13026
        0.147066
        4.59205
        4.7756
        5.63273
        1.45142
        4.78395
        2.87383
        0.270303
        4.97278
        0.354007
        6.02231
        5.84544
        4.364
        0.803537
        3.31002
        6.18206
    );
    waveNumber          nonuniform List<vector>
    200
    (
        (0.0221031 0 0)
        (0.02315 0 0)
        (0.0242008 0 0)
        (0.0252552 0 0)
        (0.0263127 0 0)
        (0.0273731 0 0)
        (0.0284358 0 0)
        (0.0295006 0 0)
        (0.030567 0 0)
        (0.0316346 0 0)
        (0.032703 0 0)
        (0.0337716 0 0)
        (0.0348401 0 0)
        (0.035908 0 0)
        (0.0369748 0 0)
        (0.0380399 0 0)
        (0.0391028 0 0)
        (0.0401631 0 0)
        (0.0412201 0 0)
        (0.0422732 0 0)
        (0.0433219 0 0)
        (0.0443655 0 0)
        (0.0454035 0 0)
        (0.046435 0 0)
        (0.0474595 0 0)
        (0.0484763 0 0)
        (0.0494846 0 0)
        (0.0504837 0 0)
        (0.0514729 0 0)
        (0.0524514 0 0)
        (0.0534184 0 0)
        (0.0543732 0 0)
        (0.0553148 0 0)
        (0.0562425 0 0)
        (0.0571555 0 0)
        (0.0580529 0 0)
        (0.0589339 0 0)
        (0.0597975 0 0)
        (0.0606429 0 0)
        (0.0614693 0 0)
        (0.0622758 0 0)
        (0.0630615 0 0)
        (0.0638255 0 0)
        (0.064567 0 0)
        (0.0652852 0 0)
        (0.0659791 0 0)
        (0.066648 0 0)
        (0.067291 0 0)
        (0.0679074 0 0)
        (0.0684964 0 0)
        (0.0690572 0 0)
        (0.0695891 0 0)
        (0.0700913 0 0)
        (0.0705633 0 0)
        (0.0710044 0 0)
        (0.071414 0 0)
        (0.0717916 0 0)
        (0.0721365 0 0)
        (0.0724483 0 0)
        (0.0727267 0 0)
        (0.0729711 0 0)
        (0.0731813 0 0)
        (0.0733569 0 0)
        (0.0734977 0 0)
        (0.0736035 0 0)
        (0.0736829 0 0)
        (0.0737248 0 0)
        (0.0737514 0 0)
        (0.0738044 0 0)
        (0.073884 0 0)
        (0.0739902 0 0)
        (0.074123 0 0)
        (0.0742825 0 0)
        (0.0744689 0 0)
        (0.0746822 0 0)
        (0.0749225 0 0)
        (0.07519 0 0)
        (0.0754848 0 0)
        (0.0758071 0 0)
        (0.0761571 0 0)
        (0.0765349 0 0)
        (0.0769408 0 0)
        (0.077375 0 0)
        (0.0778378 0 0)
        (0.0783293 0 0)
        (0.0788501 0 0)
        (0.0794002 0 0)
        (0.0799801 0 0)
        (0.0805901 0 0)
        (0.0812306 0 0)
        (0.0819019 0 0)
        (0.0826045 0 0)
        (0.0833389 0 0)
        (0.0841054 0 0)
        (0.0849045 0 0)
        (0.0857369 0 0)
        (0.086603 0 0)
        (0.0875033 0 0)
        (0.0884385 0 0)
        (0.0894092 0 0)
        (0.0904161 0 0)
        (0.0914597 0 0)
        (0.0925409 0 0)
        (0.0936604 0 0)
        (0.0948188 0 0)
        (0.0960171 0 0)
        (0.0972561 0 0)
        (0.0985366 0 0)
        (0.0998595 0 0)
        (0.101226 0 0)
        (0.102636 0 0)
        (0.104092 0 0)
        (0.105595 0 0)
        (0.107144 0 0)
        (0.108743 0 0)
        (0.11039 0 0)
        (0.112089 0 0)
        (0.11384 0 0)
        (0.115643 0 0)
        (0.117501 0 0)
        (0.119415 0 0)
        (0.121386 0 0)
        (0.123415 0 0)
        (0.125503 0 0)
        (0.127652 0 0)
        (0.129864 0 0)
        (0.132139 0 0)
        (0.134478 0 0)
        (0.136884 0 0)
        (0.139357 0 0)
        (0.141899 0 0)
        (0.144511 0 0)
        (0.147194 0 0)
        (0.149949 0 0)
        (0.152778 0 0)
        (0.155682 0 0)
        (0.158661 0 0)
        (0.161717 0 0)
        (0.164852 0 0)
        (0.168064 0 0)
        (0.171357 0 0)
        (0.17473 0 0)
        (0.178184 0 0)
        (0.18172 0 0)
        (0.185338 0 0)
        (0.18904 0 0)
        (0.192824 0 0)
        (0.196693 0 0)
        (0.200646 0 0)
        (0.204684 0 0)
        (0.208807 0 0)
        (0.213015 0 0)
        (0.217307 0 0)
        (0.221686 0 0)
        (0.226149 0 0)
        (0.230698 0 0)
        (0.235332 0 0)
        (0.240052 0 0)
        (0.244857 0 0)
        (0.249747 0 0)
        (0.254722 0 0)
        (0.259781 0 0)
        (0.264926 0 0)
        (0.270155 0 0)
        (0.275468 0 0)
        (0.280865 0 0)
        (0.286347 0 0)
        (0.291911 0 0)
        (0.29756 0 0)
        (0.303291 0 0)
        (0.309105 0 0)
        (0.315001 0 0)
        (0.32098 0 0)
        (0.32704 0 0)
        (0.333182 0 0)
        (0.339405 0 0)
        (0.345709 0 0)
        (0.352093 0 0)
        (0.358557 0 0)
        (0.3651 0 0)
        (0.371723 0 0)
        (0.378424 0 0)
        (0.385203 0 0)
        (0.392059 0 0)
        (0.398992 0 0)
        (0.406001 0 0)
        (0.413087 0 0)
        (0.420247 0 0)
        (0.427481 0 0)
        (0.434789 0 0)
        (0.44217 0 0)
        (0.449622 0 0)
        (0.457147 0 0)
        (0.464741 0 0)
        (0.472405 0 0)
        (0.480138 0 0)
        (0.487938 0 0)
        (0.495805 0 0)
        (0.503738 0 0)
        (0.511735 0 0)
    );

    frequencyAxis
    {
        discretisation      cosineStretchedFrequencyAxis;
        lowerFrequencyCutoff 0.0397772;
        upperFrequencyCutoff 0.357995;
        writeSpectrum       true;
    }

    relaxationZone
    {
        relaxationScheme    Spatial;
        relaxationShape     Rectangular;
        beachType           Empty;
        relaxType           INLET;
        startX              ( 0 0 -1 );
        endX                ( 400 0 1 );
        orientation         ( 1 0 0 );
        fieldNames          ( alpha.water U );
    }
}

initCoeffs
{
    waveType            potentialCurrent;
    U                   ( 0 0 0 );
    Tsoft               16.76;
}



// ************************************************************************* //
