/*--------------------------------*- C++ -*----------------------------------*\
| =========                 |                                                 |
| \\      /  F ield         | OpenFOAM: The Open Source CFD Toolbox           |
|  \\    /   O peration     | Version:  v1912                                 |
|   \\  /    A nd           | Website:  www.openfoam.com                      |
|    \\/     M anipulation  |                                                 |
\*---------------------------------------------------------------------------*/
FoamFile
{
    version	2.0;
    format	ascii;
    class	dictionary;
    object	waveProperties;
}
// * * * * * * * * * * * * * * * * * * * * * * * * * * * * * * * * * * * * * //

seaLevel            -0.02;

seaLevelAsReference true;

relaxationNames     ( inlet );

initializationName  init;

inletCoeffs
{
    waveType            irregular;
    spectrum            JONSWAP;
    N                   200;
    Tsoft               41;
    Hs                  4.12;
    Tp                  20.5;
    gamma               3.3;
    depth               14.98;
    direction           ( 1 0 0 );
    spectramValues  nonuniform List<scalar> 
201
(
1.84201e-40
3.3846e-33
2.07176e-27
9.27449e-23
5.44261e-19
6.48913e-16
2.19208e-13
2.70727e-11
1.48891e-09
4.25325e-08
7.12329e-07
7.69912e-06
5.79813e-05
0.000323574
0.00140649
0.00495879
0.0146588
0.0373377
0.0838142
0.168944
0.310606
0.527725
0.837767
1.2543
1.78514
2.43146
3.18781
4.04309
4.98216
5.98787
7.04326
8.13377
9.24924
10.3856
11.546
12.7412
13.9898
15.3169
16.7526
18.3306
20.0846
22.0461
24.2405
26.6836
29.3775
32.3081
35.4423
38.7284
42.0985
45.4724
48.7652
51.894
54.786
57.3842
59.6512
61.5702
63.1442
64.3925
65.347
66.0473
66.5371
66.8601
67.0578
67.167
67.219
67.2383
67.2431
67.243
67.2414
67.2345
67.2159
67.1768
67.1059
66.9895
66.8118
66.5551
66.2003
65.7273
65.1158
64.3462
63.4005
62.2638
60.9252
59.379
57.6261
55.6742
53.5388
51.2427
48.8155
46.2921
43.7113
41.1138
38.5398
36.0272
33.6094
31.3143
29.1634
27.1714
25.3463
23.6902
22.2
20.8683
19.6846
18.6362
17.7088
16.8877
16.1581
15.5056
14.9169
14.38
13.8839
13.4197
12.9799
12.5583
12.1506
11.7533
11.3643
10.9822
10.6063
10.2363
9.87224
9.51437
9.16302
8.81857
8.48141
8.1519
7.83036
7.51707
7.21225
6.9161
6.62873
6.35026
6.08072
5.82014
5.56848
5.32571
5.09173
4.86644
4.64971
4.4414
4.24133
4.04932
3.86519
3.68872
3.5197
3.35793
3.20316
3.05518
2.91376
2.77867
2.64968
2.52656
2.40909
2.29705
2.19022
2.08839
1.99135
1.8989
1.81083
1.72697
1.64711
1.57108
1.49871
1.42983
1.36428
1.3019
1.24254
1.18606
1.13232
1.08119
1.03255
0.986263
0.942227
0.900329
0.860462
0.822526
0.786427
0.752072
0.719375
0.688254
0.658629
0.630426
0.603574
0.578004
0.553653
0.53046
0.508367
0.487318
0.467262
0.448148
0.42993
0.412562
0.396003
0.380211
0.36515
0.350781
0.337072
0.32399
0.311503
0.299582
0.2882
)
;

    fspectrum       nonuniform List<scalar> 
201
(
0.0162602
0.0170225
0.0177845
0.0185456
0.0193054
0.0200636
0.0208197
0.0215732
0.0223239
0.0230712
0.0238148
0.0245542
0.0252891
0.026019
0.0267436
0.0274623
0.028175
0.028881
0.0295802
0.030272
0.0309561
0.0316321
0.0322997
0.0329585
0.0336081
0.0342482
0.0348783
0.0354983
0.0361077
0.0367061
0.0372933
0.037869
0.0384328
0.0389844
0.0395235
0.0400498
0.040563
0.0410629
0.0415492
0.0420215
0.0424797
0.0429235
0.0433527
0.0437669
0.044166
0.0445498
0.044918
0.0452705
0.0456071
0.0459275
0.0462316
0.0465192
0.0467902
0.0470444
0.0472817
0.047502
0.047705
0.0478908
0.0480592
0.0482102
0.0483435
0.0484593
0.0485573
0.0486376
0.0487001
0.0487447
0.0487805
0.0487872
0.0488073
0.0488408
0.0488877
0.048948
0.0490217
0.0491088
0.0492092
0.0493229
0.04945
0.0495904
0.0497441
0.0499111
0.0500914
0.0502848
0.0504915
0.0507113
0.0509442
0.0511903
0.0514495
0.0517217
0.0520069
0.052305
0.0526161
0.05294
0.0532768
0.0536264
0.0539887
0.0543637
0.0547514
0.0551516
0.0555644
0.0559896
0.0564272
0.0568773
0.0573396
0.0578141
0.0583008
0.0587996
0.0593104
0.0598332
0.0603678
0.0609143
0.0614725
0.0620424
0.0626239
0.0632169
0.0638213
0.064437
0.065064
0.0657021
0.0663514
0.0670116
0.0676827
0.0683647
0.0690573
0.0697606
0.0704744
0.0711986
0.0719332
0.0726779
0.0734328
0.0741977
0.0749726
0.0757572
0.0765515
0.0773554
0.0781688
0.0789916
0.0798236
0.0806648
0.081515
0.0823741
0.083242
0.0841185
0.0850036
0.0858972
0.086799
0.087709
0.0886271
0.0895531
0.0904869
0.0914284
0.0923774
0.0933339
0.0942976
0.0952685
0.0962464
0.0972312
0.0982227
0.0992209
0.100226
0.101236
0.102254
0.103277
0.104306
0.105341
0.106381
0.107427
0.108479
0.109535
0.110597
0.111664
0.112735
0.113811
0.114891
0.115976
0.117065
0.118158
0.119255
0.120355
0.121459
0.122567
0.123678
0.124791
0.125908
0.127028
0.12815
0.129275
0.130402
0.131532
0.132663
0.133796
0.134931
0.136068
0.137206
0.138345
0.139485
0.140627
0.141769
0.142911
0.144054
0.145198
0.146341
)
;

    amplitude           nonuniform List<scalar>
    200
    (
        1.60633e-18
        1.25641e-15
        2.65688e-13
        2.03378e-11
        7.01713e-10
        1.2893e-08
        1.4341e-07
        1.06676e-06
        5.7357e-06
        2.36918e-05
        7.88648e-05
        0.000219696
        0.000527731
        0.0011196
        0.00213898
        0.00373898
        0.00605916
        0.00920336
        0.0132236
        0.0181126
        0.0238064
        0.0301925
        0.0371241
        0.0444343
        0.0519508
        0.0595073
        0.0669532
        0.0741599
        0.0810254
        0.0874766
        0.093471
        0.0989963
        0.10407
        0.108736
        0.113061
        0.117131
        0.121037
        0.124876
        0.128731
        0.132671
        0.136737
        0.140936
        0.14524
        0.149583
        0.153863
        0.157949
        0.161691
        0.164928
        0.167507
        0.169286
        0.170154
        0.17003
        0.168866
        0.16665
        0.163397
        0.159143
        0.153933
        0.147815
        0.140824
        0.132976
        0.124253
        0.114582
        0.10381
        0.09164
        0.0774917
        0.0693312
        0.0300244
        0.0520023
        0.0671294
        0.0794156
        0.0900213
        0.0994702
        0.108045
        0.115913
        0.123176
        0.129895
        0.136102
        0.141814
        0.147028
        0.151735
        0.155918
        0.159554
        0.162622
        0.1651
        0.166974
        0.168233
        0.16888
        0.168925
        0.168394
        0.167325
        0.165769
        0.163788
        0.161452
        0.158841
        0.156035
        0.153114
        0.150157
        0.147232
        0.144403
        0.141718
        0.139216
        0.136922
        0.13485
        0.133
        0.131364
        0.129925
        0.128659
        0.127538
        0.126532
        0.125609
        0.124739
        0.123897
        0.123059
        0.122204
        0.121319
        0.120393
        0.119418
        0.118389
        0.117307
        0.11617
        0.11498
        0.113741
        0.112454
        0.111124
        0.109755
        0.10835
        0.106913
        0.105447
        0.103956
        0.102444
        0.100914
        0.0993696
        0.0978128
        0.0962471
        0.0946752
        0.0930996
        0.0915229
        0.0899473
        0.088375
        0.0868079
        0.085248
        0.083697
        0.0821564
        0.0806278
        0.0791126
        0.0776118
        0.0761268
        0.0746584
        0.0732076
        0.0717752
        0.070362
        0.0689685
        0.0675953
        0.0662429
        0.0649117
        0.063602
        0.0623141
        0.0610482
        0.0598044
        0.058583
        0.0573838
        0.056207
        0.0550525
        0.0539202
        0.0528101
        0.0517221
        0.0506559
        0.0496114
        0.0485884
        0.0475866
        0.0466059
        0.045646
        0.0447065
        0.0437873
        0.042888
        0.0420083
        0.0411479
        0.0403064
        0.0394837
        0.0386793
        0.0378928
        0.037124
        0.0363726
        0.0356381
        0.0349203
        0.0342187
        0.0335332
        0.0328633
        0.0322087
        0.0315691
        0.0309441
        0.0303335
        0.0297368
        0.0291539
        0.0285843
        0.0280279
        0.0274842
        0.026953
        0.0264339
        0.0259268
    );
    frequency           nonuniform List<scalar>
    200
    (
        0.0166413
        0.0174035
        0.018165
        0.0189255
        0.0196845
        0.0204416
        0.0211965
        0.0219486
        0.0226976
        0.023443
        0.0241845
        0.0249217
        0.0256541
        0.0263813
        0.0271029
        0.0278186
        0.028528
        0.0292306
        0.0299261
        0.030614
        0.0312941
        0.0319659
        0.0326291
        0.0332833
        0.0339281
        0.0345633
        0.0351883
        0.035803
        0.0364069
        0.0369997
        0.0375812
        0.0381509
        0.0387086
        0.0392539
        0.0397866
        0.0403064
        0.040813
        0.0413061
        0.0417854
        0.0422506
        0.0427016
        0.0431381
        0.0435598
        0.0439665
        0.0443579
        0.0447339
        0.0450943
        0.0454388
        0.0457673
        0.0460795
        0.0463754
        0.0466547
        0.0469173
        0.0471631
        0.0473918
        0.0476035
        0.0477979
        0.047975
        0.0481347
        0.0482768
        0.0484014
        0.0485083
        0.0485974
        0.0486688
        0.0487224
        0.0487626
        0.0487838
        0.0487972
        0.0488241
        0.0488643
        0.0489179
        0.0489849
        0.0490652
        0.049159
        0.0492661
        0.0493865
        0.0495202
        0.0496673
        0.0498276
        0.0500012
        0.0501881
        0.0503881
        0.0506014
        0.0508278
        0.0510673
        0.0513199
        0.0515856
        0.0518643
        0.0521559
        0.0524605
        0.0527781
        0.0531084
        0.0534516
        0.0538076
        0.0541762
        0.0545575
        0.0549515
        0.055358
        0.055777
        0.0562084
        0.0566523
        0.0571084
        0.0575768
        0.0580574
        0.0585502
        0.059055
        0.0595718
        0.0601005
        0.0606411
        0.0611934
        0.0617575
        0.0623332
        0.0629204
        0.0635191
        0.0641291
        0.0647505
        0.0653831
        0.0660268
        0.0666815
        0.0673472
        0.0680237
        0.068711
        0.069409
        0.0701175
        0.0708365
        0.0715659
        0.0723055
        0.0730554
        0.0738153
        0.0745851
        0.0753649
        0.0761543
        0.0769535
        0.0777621
        0.0785802
        0.0794076
        0.0802442
        0.0810899
        0.0819445
        0.082808
        0.0836802
        0.0845611
        0.0854504
        0.0863481
        0.087254
        0.0881681
        0.0890901
        0.09002
        0.0909577
        0.0919029
        0.0928557
        0.0938158
        0.0947831
        0.0957575
        0.0967388
        0.097727
        0.0987218
        0.0997232
        0.100731
        0.101745
        0.102765
        0.103791
        0.104823
        0.105861
        0.106904
        0.107953
        0.109007
        0.110066
        0.11113
        0.112199
        0.113273
        0.114351
        0.115434
        0.11652
        0.117611
        0.118706
        0.119805
        0.120907
        0.122013
        0.123122
        0.124234
        0.12535
        0.126468
        0.127589
        0.128713
        0.129839
        0.130967
        0.132097
        0.13323
        0.134364
        0.135499
        0.136637
        0.137775
        0.138915
        0.140056
        0.141198
        0.14234
        0.143483
        0.144626
        0.14577
    );
    phaselag            nonuniform List<scalar>
    200
    (
        1.12089
        2.51125
        1.04677
        1.3328
        0.389154
        0.340234
        1.73206
        0.300068
        2.01711
        1.71364
        2.31056
        1.39717
        1.38015
        1.26755
        0.277187
        2.16091
        4.06933
        0.939111
        0.186408
        5.51974
        4.11812
        3.31528
        3.17839
        5.75346
        1.18177
        0.748679
        0.365033
        4.52345
        4.00575
        5.53452
        2.58905
        5.12664
        1.76258
        3.63582
        0.176257
        2.15173
        3.97605
        1.90831
        2.4518
        5.99316
        3.62195
        4.76236
        1.10715
        5.0021
        6.02991
        1.38434
        0.879825
        3.81606
        2.32345
        1.06623
        3.05261
        0.158378
        4.38152
        6.231
        5.91184
        5.56329
        0.696498
        6.27687
        3.80355
        4.70225
        5.52821
        0.109411
        3.5457
        1.0076
        3.74523
        3.72196
        3.15933
        1.4381
        5.63028
        5.61114
        1.14807
        2.96904
        4.09031
        2.25522
        1.68795
        3.83704
        3.63956
        2.56778
        1.36991
        5.963
        3.63401
        4.42252
        6.12138
        1.73234
        4.37034
        5.75004
        1.01244
        5.06684
        5.74372
        4.81599
        3.4859
        4.98874
        4.92541
        0.748423
        5.99634
        2.38745
        4.47038
        2.87249
        3.82554
        3.81748
        2.20044
        4.97362
        0.503333
        0.00756762
        0.945652
        2.19129
        3.84461
        4.58521
        4.75906
        5.21452
        4.26503
        2.10989
        3.35386
        4.10322
        3.84223
        1.44102
        3.57007
        4.85467
        0.224672
        3.03061
        3.38748
        3.71058
        1.73617
        2.0297
        4.459
        1.44932
        4.41715
        2.6462
        4.32181
        1.95951
        0.180489
        0.23907
        0.649941
        0.683822
        0.246637
        1.59559
        2.87511
        4.09125
        6.1808
        1.35099
        3.02258
        4.16264
        3.46087
        0.0932557
        1.98268
        1.01992
        1.53427
        5.55275
        5.87459
        1.75895
        2.30018
        2.97889
        5.46952
        4.03634
        5.00859
        3.64533
        5.48566
        3.14256
        0.0083477
        3.52429
        5.10206
        0.188836
        3.76336
        5.75201
        0.872658
        4.01
        1.06441
        3.74777
        1.81806
        0.96203
        5.09875
        4.84064
        5.12467
        2.27644
        4.93389
        0.824169
        3.29636
        0.184981
        0.0937355
        2.88776
        1.94393
        2.39391
        5.86665
        1.13026
        0.147066
        4.59205
        4.7756
        5.63273
        1.45142
        4.78395
        2.87383
        0.270303
        4.97278
        0.354007
        6.02231
        5.84544
        4.364
        0.803537
        3.31002
        6.18206
    );
    waveNumber          nonuniform List<vector>
    200
    (
        (0.00864945 0 0)
        (0.00904794 0 0)
        (0.00944643 0 0)
        (0.00984471 0 0)
        (0.0102426 0 0)
        (0.0106398 0 0)
        (0.0110362 0 0)
        (0.0114315 0 0)
        (0.0118256 0 0)
        (0.0122182 0 0)
        (0.0126092 0 0)
        (0.0129983 0 0)
        (0.0133853 0 0)
        (0.01377 0 0)
        (0.0141522 0 0)
        (0.0145318 0 0)
        (0.0149083 0 0)
        (0.0152818 0 0)
        (0.0156519 0 0)
        (0.0160185 0 0)
        (0.0163814 0 0)
        (0.0167403 0 0)
        (0.017095 0 0)
        (0.0174454 0 0)
        (0.0177913 0 0)
        (0.0181324 0 0)
        (0.0184685 0 0)
        (0.0187994 0 0)
        (0.0191251 0 0)
        (0.0194451 0 0)
        (0.0197594 0 0)
        (0.0200678 0 0)
        (0.0203701 0 0)
        (0.0206661 0 0)
        (0.0209556 0 0)
        (0.0212384 0 0)
        (0.0215144 0 0)
        (0.0217833 0 0)
        (0.0220451 0 0)
        (0.0222995 0 0)
        (0.0225464 0 0)
        (0.0227856 0 0)
        (0.023017 0 0)
        (0.0232404 0 0)
        (0.0234557 0 0)
        (0.0236627 0 0)
        (0.0238612 0 0)
        (0.0240512 0 0)
        (0.0242326 0 0)
        (0.0244051 0 0)
        (0.0245687 0 0)
        (0.0247233 0 0)
        (0.0248688 0 0)
        (0.025005 0 0)
        (0.0251319 0 0)
        (0.0252494 0 0)
        (0.0253574 0 0)
        (0.0254558 0 0)
        (0.0255446 0 0)
        (0.0256236 0 0)
        (0.0256929 0 0)
        (0.0257524 0 0)
        (0.0258021 0 0)
        (0.0258418 0 0)
        (0.0258717 0 0)
        (0.0258941 0 0)
        (0.0259059 0 0)
        (0.0259134 0 0)
        (0.0259283 0 0)
        (0.0259507 0 0)
        (0.0259806 0 0)
        (0.0260179 0 0)
        (0.0260627 0 0)
        (0.026115 0 0)
        (0.0261748 0 0)
        (0.026242 0 0)
        (0.0263166 0 0)
        (0.0263988 0 0)
        (0.0264884 0 0)
        (0.0265854 0 0)
        (0.0266899 0 0)
        (0.0268019 0 0)
        (0.0269213 0 0)
        (0.0270482 0 0)
        (0.0271825 0 0)
        (0.0273243 0 0)
        (0.0274736 0 0)
        (0.0276302 0 0)
        (0.0277944 0 0)
        (0.027966 0 0)
        (0.028145 0 0)
        (0.0283314 0 0)
        (0.0285254 0 0)
        (0.0287267 0 0)
        (0.0289355 0 0)
        (0.0291517 0 0)
        (0.0293754 0 0)
        (0.0296065 0 0)
        (0.0298451 0 0)
        (0.0300911 0 0)
        (0.0303446 0 0)
        (0.0306055 0 0)
        (0.0308738 0 0)
        (0.0311496 0 0)
        (0.0314329 0 0)
        (0.0317236 0 0)
        (0.0320217 0 0)
        (0.0323274 0 0)
        (0.0326405 0 0)
        (0.032961 0 0)
        (0.0332891 0 0)
        (0.0336246 0 0)
        (0.0339677 0 0)
        (0.0343182 0 0)
        (0.0346763 0 0)
        (0.0350418 0 0)
        (0.0354149 0 0)
        (0.0357955 0 0)
        (0.0361837 0 0)
        (0.0365795 0 0)
        (0.0369828 0 0)
        (0.0373937 0 0)
        (0.0378122 0 0)
        (0.0382384 0 0)
        (0.0386722 0 0)
        (0.0391136 0 0)
        (0.0395628 0 0)
        (0.0400196 0 0)
        (0.0404841 0 0)
        (0.0409564 0 0)
        (0.0414364 0 0)
        (0.0419243 0 0)
        (0.0424199 0 0)
        (0.0429234 0 0)
        (0.0434348 0 0)
        (0.0439541 0 0)
        (0.0444813 0 0)
        (0.0450164 0 0)
        (0.0455596 0 0)
        (0.0461108 0 0)
        (0.04667 0 0)
        (0.0472374 0 0)
        (0.0478129 0 0)
        (0.0483966 0 0)
        (0.0489885 0 0)
        (0.0495887 0 0)
        (0.0501971 0 0)
        (0.050814 0 0)
        (0.0514392 0 0)
        (0.0520729 0 0)
        (0.0527151 0 0)
        (0.0533658 0 0)
        (0.0540251 0 0)
        (0.054693 0 0)
        (0.0553697 0 0)
        (0.0560551 0 0)
        (0.0567493 0 0)
        (0.0574524 0 0)
        (0.0581645 0 0)
        (0.0588855 0 0)
        (0.0596155 0 0)
        (0.0603547 0 0)
        (0.061103 0 0)
        (0.0618606 0 0)
        (0.0626274 0 0)
        (0.0634036 0 0)
        (0.0641892 0 0)
        (0.0649843 0 0)
        (0.065789 0 0)
        (0.0666032 0 0)
        (0.0674272 0 0)
        (0.0682609 0 0)
        (0.0691044 0 0)
        (0.0699578 0 0)
        (0.0708211 0 0)
        (0.0716944 0 0)
        (0.0725778 0 0)
        (0.0734713 0 0)
        (0.074375 0 0)
        (0.0752889 0 0)
        (0.0762131 0 0)
        (0.0771477 0 0)
        (0.0780928 0 0)
        (0.0790483 0 0)
        (0.0800143 0 0)
        (0.0809909 0 0)
        (0.0819781 0 0)
        (0.082976 0 0)
        (0.0839845 0 0)
        (0.0850038 0 0)
        (0.0860339 0 0)
        (0.0870747 0 0)
        (0.0881264 0 0)
        (0.0891889 0 0)
        (0.0902623 0 0)
        (0.0913465 0 0)
        (0.0924416 0 0)
        (0.0935476 0 0)
        (0.0946644 0 0)
        (0.095792 0 0)
    );

    frequencyAxis
    {
        discretisation      cosineStretchedFrequencyAxis;
        lowerFrequencyCutoff 0.0162602;
        upperFrequencyCutoff 0.146341;
        writeSpectrum       true;
    }

    relaxationZone
    {
        relaxationScheme    Spatial;
        relaxationShape     Rectangular;
        beachType           Empty;
        relaxType           INLET;
        startX              ( 0 0 -1 );
        endX                ( 400 0 1 );
        orientation         ( 1 0 0 );
        fieldNames          ( alpha.water U );
    }
}

initCoeffs
{
    waveType            potentialCurrent;
    U                   ( 0 0 0 );
    Tsoft               41;
}



// ************************************************************************* //
