Time	gauge_0	gauge_1	gauge_2	gauge_3	gauge_4	gauge_5	gauge_6	gauge_7	gauge_8	gauge_9	gauge_10
-1	400	455	510	565	620	675	730	785	840	895	950
-2	-9.69	-9.69	-9.43659	-9.63161	-9	-6.25	-3.5	-2.5	-2.5	-2.5	-2.5
-3	0.05	0.05	0.05	0.05	0.05	0.05	0.05	0.05	0.05	0.05	0.05
0.01980061375	1.97	1.97	1.97	1.97	1.97	1.97	1.97	1.97	1.97	1.97	1.94844
0.03750901153	1.97	1.97	1.97	1.97	1.97	1.97	1.97	1.97	1.97	1.97	1.94844
0.06023021824	1.97	1.97	1.97	1.97	1.97	1.97	1.97	1.97	1.97	1.97	1.94845
0.08033196448	1.97	1.97	1.97	1.97	1.97	1.97	1.97	1.97	1.97	1.97	1.94846
0.09908508456	1.97	1.97	1.97	1.97	1.97	1.97	1.97	1.97	1.97	1.97	1.94846
0.1212057558	1.97	1.97	1.97	1.97	1.97	1.97	1.97	1.97	1.97	1.97	1.94847
0.1382280178	1.97	1.97	1.97	1.97	1.97	1.97	1.97	1.97	1.97	1.97	1.94848
0.1588261018	1.97	1.97	1.97	1.97	1.97	1.97	1.96999	1.97	1.97	1.97	1.94849
0.1788917207	1.97	1.97	1.97	1.97	1.97	1.97	1.96999	1.97	1.97	1.97	1.9485
0.1985645582	1.97	1.97	1.97	1.97	1.97	1.97	1.96999	1.97	1.97	1.97	1.94851
0.2217988299	1.97	1.97	1.97	1.97	1.97	1.97	1.96999	1.97	1.97	1.97	1.94852
0.2410079583	1.97	1.97	1.97	1.97	1.97	1.97	1.96999	1.97	1.97	1.97	1.94853
0.2602823215	1.97	1.97	1.97	1.97	1.97	1.97	1.96998	1.97	1.97	1.97	1.94853
0.2798109896	1.97	1.97	1.97	1.97	1.97	1.97	1.96998	1.97	1.97	1.97	1.94854
0.2994707227	1.97	1.97	1.97	1.97	1.97	1.97	1.96998	1.97	1.97	1.97	1.94855
0.318894539	1.97	1.97	1.97	1.97	1.97	1.97	1.96998	1.97	1.97	1.97	1.94855
0.3381610774	1.97	1.97	1.97	1.97	1.97	1.97	1.96997	1.97	1.97	1.97	1.94856
0.3612809235	1.97	1.97	1.97	1.97	1.97	1.97	1.96997	1.97	1.97	1.97	1.94856
0.3805474619	1.97	1.97	1.97	1.97	1.97	1.97	1.96997	1.97	1.97	1.97	1.94856
0.3996763822	1.97	1.97	1.97	1.97	1.97	1.97	1.96996	1.97	1.97	1.97	1.94856
0.4182548299	1.97	1.97	1.97	1.97	1.97	1.97	1.96996	1.97	1.97	1.97	1.94856
0.4405489672	1.97	1.97	1.97	1.97	1.97	1.97	1.96996	1.97	1.97	1.97	1.94856
0.459127415	1.97	1.97	1.97	1.97	1.97	1.97	1.96995	1.97	1.97	1.97	1.94856
0.4814215523	1.97	1.97	1.97	1.97	1.97	1.97	1.96995	1.97	1.97	1.97	1.94856
0.5	1.97	1.97	1.97	1.97	1.97	1.97	1.96995	1.97	1.97	1.97	1.94855
0.5203827809	1.97	1.97	1.97	1.97	1.97	1.97	1.96994	1.97	1.97	1.97	1.94855
0.5401811518	1.97	1.97	1.97	1.97	1.97	1.97	1.96994	1.97	1.97	1.97	1.94855
0.5598445372	1.97	1.97	1.97	1.97	1.97	1.97	1.96993	1.97	1.97	1.97	1.94854
0.5794772276	1.97	1.97	1.97	1.97	1.97	1.97	1.96993	1.97	1.97	1.97	1.94854
0.5987355156	1.97	1.97	1.97	1.97	1.97	1.97	1.96992	1.97	1.97	1.97	1.94854
0.6207497574	1.97	1.97	1.97	1.97	1.97	1.97	1.96992	1.97	1.97	1.97	1.94854
0.6392727379	1.97	1.97	1.97	1.97	1.97	1.97	1.96991	1.97	1.97	1.97	1.94854
0.6604884603	1.97	1.97	1.97	1.97	1.97	1.97	1.96991	1.97	1.97	1.97	1.94854
0.6812801314	1.97	1.97	1.97	1.97	1.97	1.97	1.9699	1.97	1.97	1.97	1.94855
0.698742362	1.97	1.97	1.97	1.97	1.97	1.97	1.9699	1.97	1.97	1.97	1.94856
0.7186325498	1.97	1.97	1.97	1.97	1.97	1.97	1.96989	1.97	1.97	1.97	1.94857
0.7408053737	1.97	1.97	1.97	1.97	1.97	1.97	1.96988	1.97	1.97	1.97	1.94858
0.7600161982	1.97	1.97	1.97	1.97	1.97	1.97	1.96988	1.97	1.97	1.97	1.9486
0.7791058188	1.97	1.97	1.97	1.97	1.97	1.97	1.96987	1.97	1.97	1.97	1.94862
0.8009225281	1.97	1.97	1.97	1.97	1.97	1.97	1.96987	1.97	1.97	1.97	1.94864
0.8200121487	1.96999	1.97	1.97	1.97	1.97	1.97	1.96986	1.97	1.97	1.97	1.94866
0.8391017693	1.96999	1.97	1.97	1.97	1.97	1.97	1.96986	1.97	1.97	1.97	1.94869
0.8609184785	1.96999	1.97	1.97	1.97	1.97	1.97	1.96985	1.97	1.97	1.97	1.94872
0.8800080991	1.96999	1.97	1.97	1.97	1.97	1.97	1.96984	1.97	1.97	1.97	1.94875
0.8990977197	1.96999	1.97	1.97	1.97	1.97	1.97	1.96984	1.97	1.97	1.97	1.94879
0.920914429	1.96999	1.97	1.97	1.97	1.97	1.97	1.96983	1.97	1.97	1.97	1.94883
0.9400040496	1.96999	1.97	1.97	1.97	1.97	1.97	1.96982	1.97	1.97	1.97	1.94887
0.9590936702	1.96999	1.97	1.97	1.97	1.97	1.97	1.96982	1.97	1.97	1.97	1.94891
0.9809103794	1.96999	1.97	1.97	1.97	1.97	1.97	1.96981	1.97	1.97	1.97	1.94897
1	1.96999	1.97	1.97	1.97	1.97	1.97	1.9698	1.97	1.97	1.97	1.94902
1.019186739	1.96999	1.97	1.97	1.97	1.97	1.97	1.9698	1.97	1.97	1.97	1.94907
1.041311039	1.96999	1.97	1.97	1.97	1.97	1.97	1.96979	1.97	1.97	1.97	1.94914
1.06071909	1.96999	1.97	1.97	1.97	1.97	1.97	1.96978	1.97	1.97	1.97	1.9492
1.079850635	1.96999	1.97	1.97	1.97	1.97	1.97	1.96978	1.97	1.97	1.97	1.94926
1.098754256	1.96999	1.97	1.97	1.97	1.97	1.97	1.96977	1.97	1.97	1.97	1.94932
1.120188479	1.96999	1.97	1.97	1.97	1.97	1.97	1.96976	1.97	1.97	1.97	1.9494
1.138798566	1.96999	1.97	1.97	1.97	1.97	1.97	1.96976	1.97	1.97	1.97	1.94947
1.160045709	1.96999	1.97	1.97	1.97	1.97	1.97	1.96975	1.97	1.97	1.97	1.94955
1.181292852	1.96999	1.97	1.97	1.97	1.97	1.97	1.96974	1.97	1.97	1.97	1.94963
1.199907606	1.96999	1.97	1.97	1.97	1.97	1.97	1.96974	1.97	1.97	1.97	1.94971
1.218663381	1.96999	1.97	1.97	1.97	1.97	1.97	1.96973	1.97	1.97	1.97	1.94978
1.240098552	1.96998	1.97	1.97	1.97	1.97	1.97	1.96972	1.97	1.97	1.97	1.94987
1.258854326	1.96998	1.97	1.97	1.97	1.97	1.97	1.96972	1.97	1.97	1.97	1.94995
1.280104711	1.96998	1.97	1.97	1.97	1.97	1.97	1.96971	1.97	1.97	1.97	1.95004
1.300431167	1.96998	1.97	1.97	1.97	1.97	1.97	1.9697	1.97	1.97	1.97	1.95013
1.319950683	1.96998	1.97	1.97	1.97	1.97	1.97	1.9697	1.97	1.97	1.97	1.95021
1.34110492	1.96998	1.97	1.97	1.97	1.97	1.97	1.96969	1.97	1.97	1.97	1.9503
1.359254534	1.96998	1.97	1.97	1.97	1.97	1.97	1.96968	1.97	1.97	1.97	1.95038
1.379033003	1.96998	1.97	1.97	1.97	1.97	1.97	1.96968	1.97	1.97	1.97	1.95046
1.40038971	1.96998	1.97	1.97	1.97	1.97	1.97	1.96967	1.97	1.97	1.97	1.95056
1.419103277	1.96998	1.97	1.97	1.97	1.97	1.97	1.96967	1.97	1.97	1.97	1.95064
1.439367348	1.96998	1.97	1.97	1.97	1.97	1.97	1.96966	1.97	1.97	1.97	1.95073
1.459578232	1.96998	1.97	1.97	1.97	1.97	1.97	1.96965	1.97	1.97	1.97	1.95081
1.479789116	1.96998	1.97	1.97	1.97	1.97	1.97	1.96965	1.97	1.97	1.97	1.9509
1.5	1.96998	1.97	1.97	1.97	1.97	1.97	1.96964	1.97	1.97	1.97	1.95099
1.519379845	1.96998	1.97	1.97	1.97	1.97	1.97	1.96964	1.97	1.97	1.97	1.95108
1.540650413	1.96998	1.97	1.97	1.97	1.97	1.97	1.96963	1.97	1.97	1.97	1.95117
1.560032252	1.96998	1.97	1.97	1.97	1.97	1.97	1.96963	1.97	1.97	1.97	1.95126
1.579474931	1.96998	1.97	1.97	1.97	1.97	1.97	1.96962	1.97	1.97	1.97	1.95135
1.599063177	1.96998	1.97	1.97	1.97	1.97	1.97	1.96962	1.97	1.97	1.97	1.95143
1.620820708	1.96998	1.97	1.97	1.97	1.97	1.97	1.96961	1.97	1.97	1.97	1.95153
1.640864532	1.96998	1.97	1.97	1.97	1.97	1.97	1.96961	1.97	1.97	1.97	1.95162
1.65913958	1.96998	1.97	1.97	1.97	1.97	1.97	1.9696	1.97	1.97	1.97	1.9517
1.679776352	1.96998	1.97	1.97	1.97	1.97	1.97	1.9696	1.97	1.97	1.97	1.95179
1.700779249	1.96998	1.97	1.97	1.97	1.97	1.97	1.9696	1.97	1.97	1.97	1.95188
1.720019603	1.96998	1.97	1.97	1.97	1.97	1.97	1.96959	1.97	1.97	1.97	1.95196
1.739626441	1.96998	1.97	1.97	1.97	1.97	1.97	1.96959	1.97	1.97	1.97	1.95205
1.759642418	1.96998	1.97	1.97	1.97	1.97	1.97	1.96959	1.97	1.97	1.97	1.95213
1.780056891	1.96998	1.97	1.97	1.97	1.97	1.97	1.96958	1.97	1.97	1.97	1.95222
1.800849004	1.96999	1.97	1.97	1.97	1.97	1.97	1.96958	1.97	1.97	1.97	1.9523
1.818999499	1.96999	1.97	1.97	1.97	1.97	1.97	1.96958	1.97001	1.97	1.97	1.95237
1.84106015	1.96999	1.97	1.97	1.97	1.97	1.97	1.96958	1.97001	1.97	1.97	1.95246
1.860411751	1.96999	1.97	1.97	1.97	1.97	1.97	1.96958	1.97001	1.97	1.97	1.95253
1.879376013	1.96999	1.97	1.97	1.97	1.97	1.97	1.96957	1.97001	1.97	1.97	1.9526
1.900053268	1.96999	1.97	1.97	1.97	1.97	1.97	1.96957	1.97001	1.97	1.97	1.95267
1.92045056	1.96999	1.97	1.97	1.97	1.97	1.97	1.96957	1.97001	1.97	1.97	1.95274
1.940377146	1.97	1.97	1.97	1.97	1.97	1.97	1.96957	1.97001	1.97	1.97	1.9528
1.96025143	1.97	1.97	1.97	1.97	1.97	1.97	1.96958	1.97001	1.97	1.97	1.95286
1.980125715	1.97	1.97	1.97	1.97	1.97	1.97	1.96958	1.97001	1.97	1.97	1.95292
2	1.97	1.97	1.97	1.97	1.97	1.97	1.96958	1.97001	1.97	1.97	1.95297
2.020724651	1.97001	1.97	1.97	1.97	1.97	1.96999	1.96958	1.97001	1.97	1.97	1.95302
2.039314361	1.97001	1.97	1.97	1.97	1.97	1.96999	1.96959	1.97001	1.97	1.97	1.95307
2.0594728	1.97001	1.97	1.97	1.97	1.97	1.96999	1.96959	1.97001	1.97	1.97	1.95311
2.079330709	1.97002	1.97	1.97	1.97	1.97	1.96999	1.9696	1.97001	1.97	1.97	1.95315
2.100658165	1.97002	1.97	1.97	1.97	1.97	1.96999	1.9696	1.97001	1.97	1.97	1.95319
2.119953718	1.97003	1.97	1.97	1.97	1.97	1.96999	1.96961	1.97001	1.97	1.97	1.95323
2.140752624	1.97003	1.97	1.97	1.97	1.97	1.96999	1.96962	1.97001	1.97	1.97	1.95326
2.159601562	1.97004	1.97	1.97	1.97	1.97	1.96999	1.96963	1.97001	1.97	1.97	1.95328
2.179921437	1.97004	1.97	1.97	1.97	1.97	1.96999	1.96964	1.97001	1.97	1.97	1.95331
2.200002503	1.97005	1.97	1.97	1.97	1.97	1.96999	1.96965	1.97001	1.97	1.97	1.95333
2.219880487	1.97005	1.97	1.97	1.97	1.97	1.96999	1.96966	1.97001	1.97	1.97	1.95335
2.239584145	1.97006	1.97	1.97	1.97	1.97	1.96999	1.96967	1.97001	1.97	1.97	1.95336
2.260771686	1.97007	1.97	1.97	1.97	1.97	1.96999	1.96969	1.97001	1.97	1.96999	1.95337
2.280189062	1.97007	1.97	1.97	1.97	1.97	1.96999	1.9697	1.97001	1.97	1.96999	1.95338
2.299558692	1.97008	1.97	1.97	1.97	1.97	1.96999	1.96971	1.97001	1.97	1.96999	1.95339
2.320404588	1.97009	1.97	1.97	1.97	1.97	1.96999	1.96973	1.97001	1.97	1.96999	1.95339
2.339646954	1.9701	1.97	1.97	1.97	1.97	1.96999	1.96975	1.97001	1.97	1.96999	1.95339
2.36049285	1.97011	1.97	1.97	1.97	1.97	1.96999	1.96976	1.97001	1.97	1.96999	1.95338
2.379735215	1.97012	1.97	1.97	1.97	1.97	1.96999	1.96978	1.97001	1.97	1.96999	1.95338
2.400581111	1.97013	1.97	1.97	1.97	1.97	1.96999	1.9698	1.97001	1.97	1.96999	1.95337
2.419823477	1.97014	1.97	1.97	1.97	1.97	1.96999	1.96982	1.97001	1.97	1.96999	1.95336
2.440669373	1.97015	1.97	1.97	1.97	1.97	1.96999	1.96984	1.97001	1.97	1.96999	1.95334
2.459911738	1.97016	1.97	1.97	1.97	1.97	1.96999	1.96986	1.97001	1.97	1.96999	1.95333
2.480757634	1.97017	1.97	1.97	1.97	1.97	1.96999	1.96988	1.97001	1.97	1.96999	1.95331
2.5	1.97018	1.97	1.97	1.97	1.97	1.96999	1.9699	1.97001	1.97	1.96999	1.95329
2.519512879	1.9702	1.97	1.97	1.97	1.97	1.96999	1.96992	1.97001	1.97	1.96999	1.95327
2.540815978	1.97021	1.97	1.97	1.97	1.97	1.96999	1.96994	1.97001	1.97	1.96999	1.95325
2.560644254	1.97023	1.97	1.97	1.97	1.97	1.96999	1.96997	1.97001	1.97	1.96999	1.95322
2.580667366	1.97024	1.97	1.97	1.97	1.97	1.96999	1.96999	1.97001	1.97	1.96999	1.95319
2.599207071	1.97026	1.97	1.97	1.97	1.97	1.96999	1.97001	1.97001	1.97	1.96999	1.95317
2.619667929	1.97027	1.97	1.97	1.97	1.97	1.96999	1.97003	1.97001	1.97	1.96999	1.95314
2.640392812	1.97029	1.97	1.97	1.97	1.97	1.96999	1.97006	1.97001	1.97	1.96999	1.95311
2.659640022	1.97031	1.97	1.97	1.97	1.97	1.96999	1.97008	1.97001	1.97	1.96999	1.95308
2.679142487	1.97033	1.97	1.97	1.97	1.97	1.96999	1.9701	1.97001	1.97	1.96999	1.95305
2.700747871	1.97035	1.97	1.97	1.97	1.97	1.96999	1.97013	1.97001	1.97	1.96999	1.95301
2.720902579	1.97037	1.97	1.97	1.97	1.97	1.96999	1.97015	1.97001	1.97	1.96999	1.95298
2.739537812	1.97039	1.97	1.97	1.97	1.97	1.96999	1.97018	1.97001	1.97	1.96999	1.95295
2.760201335	1.97041	1.97	1.97	1.97	1.97	1.96999	1.9702	1.97001	1.97	1.96999	1.95292
2.780472694	1.97043	1.97	1.97	1.97	1.97	1.96999	1.97022	1.97001	1.97	1.96999	1.95288
2.800305125	1.97046	1.97	1.97	1.97	1.97	1.96999	1.97025	1.97001	1.97	1.96999	1.95285
2.819738339	1.97048	1.97	1.97	1.97	1.97	1.96999	1.97027	1.97001	1.97	1.96999	1.95282
2.840513963	1.97051	1.97	1.97	1.97	1.97	1.96999	1.9703	1.97001	1.97	1.96999	1.95278
2.859244522	1.97053	1.97	1.97	1.97	1.97	1.96999	1.97032	1.97001	1.97	1.96999	1.95275
2.87936996	1.97056	1.97	1.97	1.97	1.97	1.96999	1.97034	1.97001	1.97	1.96999	1.95272
2.899238993	1.97059	1.97	1.97	1.97	1.97	1.96999	1.97037	1.97001	1.97	1.96999	1.95269
2.92071265	1.97062	1.97	1.97	1.97	1.97	1.96999	1.97039	1.97001	1.97	1.96999	1.95266
2.940155945	1.97065	1.97	1.97	1.97	1.97	1.96999	1.97042	1.97001	1.97	1.96999	1.95263
2.959564828	1.97068	1.97001	1.97	1.97	1.97	1.96999	1.97044	1.97001	1.97	1.96999	1.9526
2.980591117	1.97072	1.97001	1.97	1.97	1.97	1.96999	1.97047	1.97002	1.97	1.96999	1.95257
3	1.97075	1.97001	1.97	1.97	1.97	1.96999	1.97049	1.97002	1.97	1.96999	1.95254
3.019480519	1.97078	1.97001	1.97	1.97	1.97	1.96999	1.97052	1.97002	1.97	1.96999	1.95252
3.040673538	1.97082	1.97001	1.97	1.97	1.97	1.96999	1.97054	1.97002	1.97	1.96999	1.95249
3.060366227	1.97086	1.97001	1.97	1.97	1.97	1.96999	1.97056	1.97002	1.97	1.96999	1.95247
3.080238243	1.9709	1.97001	1.97	1.97	1.97	1.96999	1.97059	1.97002	1.97	1.96999	1.95245
3.100301667	1.97094	1.97001	1.97	1.97	1.97	1.96999	1.97061	1.97002	1.97	1.96999	1.95243
3.12058436	1.97098	1.97001	1.97	1.97	1.97	1.96999	1.97064	1.97002	1.97	1.96999	1.95241
3.139386155	1.97102	1.97001	1.97	1.97	1.97	1.96999	1.97066	1.97002	1.97	1.96999	1.9524
3.160135717	1.97107	1.97001	1.97	1.97	1.97	1.96999	1.97068	1.97002	1.97	1.96999	1.95238
3.179390804	1.97111	1.97001	1.97	1.97	1.97	1.96999	1.97071	1.97002	1.97	1.96999	1.95237
3.20065002	1.97117	1.97001	1.97	1.97	1.97	1.96999	1.97073	1.97002	1.97	1.96999	1.95236
3.220381545	1.97121	1.97001	1.97	1.97	1.97	1.96999	1.97075	1.97002	1.97	1.96999	1.95235
3.240322321	1.97126	1.97001	1.97	1.97	1.97	1.96999	1.97077	1.97002	1.97	1.96999	1.95234
3.260492786	1.97132	1.97001	1.97	1.97	1.97	1.96999	1.9708	1.97002	1.97	1.96999	1.95234
3.280875757	1.97137	1.97001	1.97	1.97	1.97	1.96999	1.97082	1.97002	1.97	1.96999	1.95233
3.299604325	1.97142	1.97001	1.97	1.97	1.97	1.96999	1.97084	1.97002	1.97	1.96999	1.95233
3.320400102	1.97148	1.97001	1.97	1.97	1.97	1.96999	1.97086	1.97002	1.97	1.96999	1.95233
3.339488309	1.97154	1.97001	1.97	1.97	1.97	1.96999	1.97088	1.97002	1.97	1.96999	1.95234
3.360559342	1.9716	1.97001	1.97	1.97	1.97	1.96999	1.9709	1.97002	1.97	1.96999	1.95234
3.3799261	1.97166	1.97002	1.97	1.97	1.97	1.96999	1.97092	1.97002	1.97	1.96999	1.95235
3.399292858	1.97172	1.97002	1.97	1.97	1.97	1.96999	1.97094	1.97002	1.97	1.96999	1.95236
3.420596292	1.97179	1.97002	1.97	1.97	1.97	1.96999	1.97096	1.97002	1.97	1.96999	1.95237
3.440447219	1.97186	1.97002	1.97	1.97	1.97	1.96999	1.97097	1.97002	1.97	1.96999	1.95238
3.460298146	1.97193	1.97002	1.97	1.97	1.97	1.96999	1.97099	1.97002	1.97	1.96999	1.95239
3.480149073	1.972	1.97002	1.97	1.97	1.97	1.96999	1.97101	1.97002	1.97	1.96999	1.95241
3.5	1.97207	1.97002	1.97	1.97	1.97	1.96999	1.97102	1.97002	1.97	1.96999	1.95243
3.520186952	1.97214	1.97002	1.97	1.97	1.97	1.96999	1.97104	1.97002	1.97	1.96999	1.95245
3.540545277	1.97222	1.97002	1.97	1.97	1.97	1.96999	1.97106	1.97002	1.97	1.96999	1.95247
3.559006846	1.9723	1.97002	1.97	1.97	1.97	1.96999	1.97107	1.97002	1.97	1.96999	1.95249
3.579722434	1.97238	1.97002	1.97	1.97	1.97	1.96999	1.97108	1.97002	1.97	1.96999	1.95252
3.600644399	1.97247	1.97002	1.97	1.97	1.97	1.96999	1.9711	1.97002	1.97	1.96999	1.95254
3.619685515	1.97255	1.97003	1.97	1.97	1.97	1.96999	1.97111	1.97002	1.97	1.96999	1.95257
3.638940988	1.97263	1.97003	1.97	1.97	1.97	1.96999	1.97112	1.97002	1.97	1.96999	1.9526
3.660630208	1.97273	1.97003	1.97	1.97	1.97	1.96999	1.97113	1.97002	1.97	1.96999	1.95263
3.680452742	1.97282	1.97003	1.97	1.97	1.97	1.96999	1.97114	1.97002	1.97	1.96999	1.95266
3.700552659	1.97291	1.97003	1.97	1.97	1.97	1.96999	1.97115	1.97002	1.97	1.96999	1.95269
3.72097384	1.97301	1.97003	1.97	1.97	1.97	1.96999	1.97116	1.97002	1.97	1.96999	1.95273
3.739406363	1.9731	1.97003	1.97	1.97	1.97	1.96999	1.97116	1.97002	1.97	1.96999	1.95276
3.760455649	1.9732	1.97003	1.97	1.97	1.97	1.96999	1.97117	1.97002	1.97	1.96999	1.95279
3.779504356	1.9733	1.97003	1.97	1.97	1.97	1.96999	1.97118	1.97002	1.97	1.96999	1.95283
3.798814066	1.9734	1.97004	1.97	1.97	1.97	1.96999	1.97118	1.97002	1.97	1.96999	1.95286
3.820895449	1.97352	1.97004	1.97	1.97	1.97	1.96999	1.97119	1.97002	1.97	1.96999	1.9529
3.840523345	1.97363	1.97004	1.97	1.97	1.97	1.96999	1.97119	1.97002	1.97	1.96999	1.95293
3.859853848	1.97374	1.97004	1.97	1.97	1.97	1.96999	1.97119	1.97002	1.97	1.96999	1.95297
3.87909317	1.97385	1.97004	1.97	1.97	1.97	1.96999	1.9712	1.97002	1.97	1.96999	1.953
3.90042967	1.97397	1.97004	1.97	1.97	1.97	1.96999	1.9712	1.97002	1.97	1.96999	1.95304
3.919395447	1.97408	1.97005	1.97	1.97	1.97	1.96999	1.9712	1.97002	1.97	1.96999	1.95307
3.940731946	1.97421	1.97005	1.97	1.97	1.97	1.96999	1.9712	1.97002	1.97	1.96999	1.95311
3.959697723	1.97433	1.97005	1.97	1.97	1.97	1.96999	1.9712	1.97002	1.97	1.96999	1.95314
3.981034223	1.97447	1.97005	1.97	1.97	1.97	1.96999	1.97119	1.97002	1.97	1.96999	1.95317
4	1.97459	1.97005	1.97	1.97	1.97	1.96999	1.97119	1.97002	1.97	1.96999	1.9532
4.021126761	1.97473	1.97005	1.97	1.97	1.97	1.96999	1.97119	1.97002	1.97	1.96999	1.95324
4.03994167	1.97486	1.97006	1.97	1.97	1.97	1.96999	1.97118	1.97002	1.97	1.96999	1.95327
4.061175132	1.97501	1.97006	1.97	1.97	1.97	1.96999	1.97118	1.97002	1.97	1.96999	1.9533
4.080049319	1.97514	1.97006	1.97	1.97	1.97	1.96999	1.97117	1.97002	1.97	1.96999	1.95333
4.098923507	1.97527	1.97006	1.97	1.97	1.97	1.96999	1.97116	1.97002	1.97	1.96999	1.95335
4.120186096	1.97543	1.97007	1.97	1.97	1.97	1.96999	1.97116	1.97002	1.97	1.96999	1.95338
4.139176791	1.97557	1.97007	1.97	1.97	1.97	1.96999	1.97115	1.97002	1.97	1.96999	1.9534
4.16060636	1.97574	1.97007	1.97	1.97	1.97	1.96999	1.97114	1.97002	1.97	1.96999	1.95343
4.179727128	1.97588	1.97007	1.97	1.97	1.97	1.96999	1.97113	1.97002	1.97	1.96999	1.95345
4.198974644	1.97604	1.97008	1.97	1.97	1.97	1.96999	1.97112	1.97002	1.97	1.96999	1.95347
4.220729418	1.97621	1.97008	1.97	1.97	1.97	1.96999	1.9711	1.97002	1.97	1.96999	1.95349
4.240091303	1.97637	1.97008	1.97	1.97	1.97	1.96999	1.97109	1.97002	1.97	1.96999	1.95351
4.259320205	1.97653	1.97008	1.97	1.97	1.97	1.96999	1.97108	1.97002	1.97	1.96999	1.95352
4.28076692	1.97671	1.97009	1.97	1.97	1.97	1.96999	1.97107	1.97002	1.97	1.96999	1.95354
4.299830666	1.97688	1.97009	1.97	1.97	1.97	1.96999	1.97105	1.97002	1.97	1.96999	1.95355
4.321050431	1.97707	1.97009	1.97	1.97	1.97	1.96999	1.97104	1.97002	1.97	1.96999	1.95356
4.339887228	1.97724	1.9701	1.97	1.97	1.97	1.96999	1.97102	1.97002	1.97	1.96999	1.95356
4.361078624	1.97743	1.9701	1.97	1.97	1.97	1.96999	1.97101	1.97002	1.97	1.96999	1.95357
4.379915421	1.9776	1.9701	1.97	1.97	1.97	1.96999	1.97099	1.97002	1.97	1.96999	1.95357
4.401106817	1.9778	1.97011	1.97	1.97	1.97	1.96999	1.97098	1.97002	1.97	1.96999	1.95357
4.42025343	1.97799	1.97011	1.97	1.97	1.97	1.96999	1.97096	1.97002	1.97	1.96999	1.95357
4.439585931	1.97818	1.97011	1.97	1.97	1.97	1.96999	1.97094	1.97002	1.97	1.96999	1.95357
4.458918433	1.97837	1.97012	1.97	1.97	1.97	1.96999	1.97092	1.97002	1.97	1.96999	1.95356
4.480667498	1.97859	1.97012	1.97	1.97	1.97	1.96999	1.9709	1.97002	1.97	1.96998	1.95355
4.5	1.97879	1.97012	1.97	1.97	1.97	1.96999	1.97089	1.97002	1.97	1.96998	1.95354
4.519693638	1.97899	1.97013	1.97	1.97	1.97	1.96999	1.97087	1.97002	1.97	1.96998	1.95353
4.539552484	1.9792	1.97013	1.97	1.97	1.97	1.96999	1.97085	1.97001	1.97	1.96998	1.95351
4.559601109	1.97942	1.97014	1.97	1.97	1.97	1.96999	1.97083	1.97001	1.97	1.96998	1.9535
4.579836665	1.97964	1.97014	1.97	1.97	1.97	1.96999	1.97081	1.97001	1.97	1.96998	1.95348
4.600287303	1.97987	1.97014	1.97	1.97	1.97	1.96999	1.97079	1.97001	1.97	1.96998	1.95346
4.620969558	1.9801	1.97015	1.97	1.97	1.97	1.96999	1.97077	1.97001	1.97	1.96998	1.95344
4.639269364	1.98031	1.97015	1.97	1.97	1.97	1.96999	1.97075	1.97001	1.97	1.96998	1.95341
4.660413717	1.98055	1.97016	1.97	1.97	1.97	1.96999	1.97073	1.97001	1.97	1.96998	1.95339
4.679175268	1.98077	1.97016	1.97	1.97	1.97	1.96999	1.97071	1.97001	1.97	1.96998	1.95336
4.700837914	1.98103	1.97017	1.97	1.97	1.97	1.96999	1.97069	1.97001	1.97	1.96998	1.95333
4.720026593	1.98126	1.97017	1.97	1.97	1.97	1.96999	1.97067	1.97001	1.97	1.96998	1.9533
4.73943069	1.9815	1.97018	1.97	1.97	1.97	1.96999	1.97065	1.97001	1.97	1.96998	1.95327
4.759043434	1.98175	1.97018	1.97	1.97	1.97	1.96999	1.97063	1.97001	1.97	1.96998	1.95324
4.778656178	1.98199	1.97019	1.97	1.97	1.97	1.96999	1.97061	1.97001	1.97	1.96998	1.95321
4.801070742	1.98228	1.97019	1.97	1.97	1.97	1.96999	1.97058	1.97	1.97	1.96998	1.95317
4.820850759	1.98253	1.9702	1.97	1.97	1.97	1.96999	1.97056	1.97	1.97	1.96998	1.95313
4.84075623	1.98279	1.97021	1.97	1.97	1.97	1.96999	1.97054	1.97	1.97	1.96998	1.95309
4.860661701	1.98306	1.97021	1.97	1.97	1.97	1.96999	1.97052	1.97	1.97	1.96998	1.95305
4.880567173	1.98333	1.97022	1.97	1.97	1.97	1.96999	1.9705	1.97	1.97	1.96998	1.95301
4.900472644	1.9836	1.97022	1.97	1.97	1.97	1.96999	1.97048	1.97	1.97	1.96998	1.95297
4.920378115	1.98387	1.97023	1.97	1.97	1.97	1.96999	1.97046	1.97	1.97	1.96998	1.95293
4.940283586	1.98415	1.97024	1.97	1.97	1.97	1.96999	1.97045	1.97	1.97	1.96998	1.95289
4.960189058	1.98443	1.97024	1.97	1.97	1.97	1.96999	1.97043	1.97	1.97	1.96998	1.95285
4.980094529	1.98471	1.97025	1.97	1.97	1.97	1.96999	1.97041	1.96999	1.97	1.96998	1.9528
5	1.985	1.97026	1.97	1.97	1.97	1.96999	1.97039	1.96999	1.97	1.96998	1.95276
5.02	1.98529	1.97027	1.97	1.97	1.97	1.96999	1.97037	1.96999	1.97	1.96998	1.95271
5.039897959	1.98558	1.97027	1.97	1.97	1.97	1.96999	1.97035	1.96999	1.97	1.96998	1.95267
5.059725324	1.98587	1.97028	1.97	1.97	1.97	1.96999	1.97034	1.96999	1.97	1.96998	1.95262
5.079444104	1.98617	1.97029	1.97	1.97	1.97	1.96999	1.97032	1.96999	1.97	1.96998	1.95258
5.099031639	1.98647	1.9703	1.97	1.97	1.97	1.96999	1.97031	1.96998	1.97	1.96998	1.95253
5.121247991	1.98681	1.97031	1.97	1.97	1.97	1.97	1.97029	1.96998	1.97	1.96998	1.95248
5.140518369	1.9871	1.97031	1.97	1.97	1.97	1.97	1.97027	1.96998	1.97	1.96998	1.95243
5.159642222	1.9874	1.97032	1.97	1.97	1.97	1.97	1.97026	1.96998	1.97	1.96998	1.95239
5.181293368	1.98774	1.97033	1.97	1.97	1.97	1.97	1.97025	1.96998	1.97	1.96998	1.95234
5.200040817	1.98804	1.97034	1.97	1.97	1.97	1.97	1.97023	1.96998	1.97	1.96998	1.95229
5.221252057	1.98838	1.97035	1.97001	1.97	1.97	1.97	1.97022	1.96997	1.97	1.96998	1.95224
5.239633903	1.98868	1.97036	1.97001	1.97	1.97	1.97	1.97021	1.96997	1.97	1.96998	1.9522
5.260435492	1.98902	1.97037	1.97001	1.97	1.97	1.97	1.9702	1.96997	1.97	1.96998	1.95215
5.281043192	1.98935	1.97038	1.97001	1.97	1.97	1.97	1.97019	1.96997	1.97	1.96998	1.9521
5.298865258	1.98965	1.97039	1.97001	1.97	1.97	1.97	1.97018	1.96997	1.97	1.96998	1.95205
5.319068008	1.98999	1.9704	1.97001	1.97	1.97	1.97	1.97017	1.96996	1.97	1.96998	1.952
5.339096549	1.99032	1.97041	1.97001	1.97	1.97	1.97	1.97016	1.96996	1.97	1.96998	1.95195
5.358900051	1.99066	1.97042	1.97001	1.97	1.97	1.97	1.97015	1.96996	1.97	1.96998	1.95191
5.380949783	1.99103	1.97043	1.97001	1.97	1.97	1.97	1.97014	1.96996	1.97	1.96998	1.95185
5.400386553	1.99136	1.97044	1.97001	1.97	1.97	1.97	1.97013	1.96996	1.97	1.96998	1.9518
5.419823323	1.9917	1.97045	1.97001	1.97	1.97	1.97	1.97012	1.96995	1.97	1.96998	1.95176
5.439260093	1.99203	1.97046	1.97001	1.97	1.97	1.97	1.97012	1.96995	1.97	1.96998	1.95171
5.46112646	1.99242	1.97048	1.97001	1.97	1.97	1.97	1.97011	1.96995	1.97	1.96998	1.95166
5.48056323	1.99276	1.97049	1.97001	1.97	1.97	1.97	1.97011	1.96995	1.97	1.96998	1.95161
5.5	1.9931	1.9705	1.97001	1.97	1.97	1.97	1.9701	1.96994	1.97	1.96998	1.95156
5.519047619	1.99343	1.97051	1.97001	1.97	1.97	1.97	1.9701	1.96994	1.97	1.96998	1.95151
5.540500736	1.99381	1.97053	1.97001	1.97	1.97	1.97	1.97009	1.96994	1.97	1.96998	1.95146
5.559659546	1.99416	1.97054	1.97001	1.97	1.97	1.97	1.97009	1.96994	1.97	1.96998	1.95142
5.578950185	1.9945	1.97055	1.97001	1.97	1.97	1.97	1.97009	1.96993	1.97	1.96998	1.95137
5.600857184	1.99489	1.97057	1.97001	1.97	1.97	1.97	1.97009	1.96993	1.97	1.96998	1.95132
5.620570637	1.99525	1.97058	1.97001	1.97	1.97	1.97	1.97009	1.96993	1.97	1.96998	1.95127
5.640560575	1.99561	1.9706	1.97001	1.97	1.97	1.97	1.97009	1.96992	1.97	1.96998	1.95122
5.66094045	1.99598	1.97061	1.97001	1.97	1.97	1.97	1.97008	1.96992	1.97	1.96998	1.95117
5.679181729	1.99631	1.97062	1.97001	1.97	1.97	1.97	1.97009	1.96992	1.97	1.96998	1.95113
5.700218993	1.99669	1.97064	1.97001	1.97	1.97	1.97	1.97009	1.96992	1.97	1.96998	1.95107
5.721256257	1.99707	1.97066	1.97001	1.97	1.97	1.97	1.97009	1.96991	1.97	1.96998	1.95102
5.739663862	1.9974	1.97067	1.97001	1.97	1.97	1.97	1.97009	1.96991	1.97	1.96998	1.95098
5.760758293	1.99779	1.97069	1.97001	1.97	1.97	1.97	1.97009	1.96991	1.97	1.96998	1.95093
5.779365981	1.99812	1.9707	1.97001	1.97	1.97	1.97	1.97009	1.9699	1.97	1.96998	1.95088
5.80063191	1.99851	1.97072	1.97001	1.97	1.97	1.97	1.9701	1.9699	1.97	1.96998	1.95083
5.819353523	1.99885	1.97074	1.97001	1.97	1.97	1.97	1.9701	1.9699	1.97	1.96998	1.95079
5.840715851	1.99923	1.97076	1.97001	1.97	1.97	1.97	1.9701	1.96989	1.97	1.96998	1.95073
5.859250734	1.99957	1.97077	1.97001	1.97	1.97	1.97	1.97011	1.96989	1.97	1.96998	1.95069
5.880102477	1.99994	1.97079	1.97001	1.97	1.97	1.97	1.97011	1.96989	1.97	1.96998	1.95064
5.900889058	2.00032	1.97081	1.97001	1.97	1.97	1.97001	1.97012	1.96988	1.97	1.96999	1.95059
5.921219508	2.00068	1.97083	1.97001	1.97	1.97	1.97001	1.97012	1.96988	1.97	1.96999	1.95054
5.939008651	2.001	1.97085	1.97001	1.97	1.97	1.97001	1.97013	1.96988	1.97	1.96999	1.95049
5.959339101	2.00136	1.97087	1.97002	1.97	1.97	1.97001	1.97013	1.96987	1.97	1.96999	1.95044
5.97966955	2.00172	1.97089	1.97002	1.97	1.97	1.97001	1.97014	1.96987	1.97	1.96999	1.95039
6	2.00207	1.97091	1.97002	1.97	1.97	1.97001	1.97014	1.96987	1.97	1.96999	1.95034
6.019887741	2.00242	1.97093	1.97002	1.97	1.97	1.97001	1.97015	1.96986	1.97	1.96999	1.95029
6.039686184	2.00276	1.97095	1.97002	1.97	1.97	1.97001	1.97016	1.96986	1.97	1.96999	1.95024
6.059430534	2.0031	1.97097	1.97002	1.97	1.97	1.97001	1.97016	1.96986	1.97	1.96999	1.95018
6.079120789	2.00344	1.97099	1.97002	1.97	1.97	1.97001	1.97017	1.96985	1.97	1.96999	1.95013
6.098811045	2.00377	1.97101	1.97002	1.97	1.97	1.97001	1.97017	1.96985	1.97	1.96999	1.95008
6.120931228	2.00414	1.97104	1.97002	1.97	1.97	1.97001	1.97018	1.96985	1.97	1.96999	1.95002
6.140496068	2.00447	1.97106	1.97002	1.97	1.97	1.97001	1.97019	1.96984	1.97	1.96999	1.94997
6.160162808	2.00479	1.97108	1.97002	1.97	1.97	1.97001	1.9702	1.96984	1.97	1.96999	1.94991
6.179863515	2.00511	1.97111	1.97002	1.97	1.97	1.97001	1.9702	1.96984	1.97	1.96999	1.94986
6.199564222	2.00542	1.97113	1.97002	1.97	1.97	1.97001	1.97021	1.96983	1.97	1.96999	1.9498
6.219369276	2.00573	1.97116	1.97002	1.97	1.97	1.97001	1.97022	1.96983	1.97	1.96999	1.94975
6.239236937	2.00604	1.97118	1.97002	1.97	1.97	1.97001	1.97022	1.96983	1.97	1.96999	1.94969
6.259155282	2.00635	1.97121	1.97002	1.97	1.97	1.97001	1.97023	1.96982	1.97	1.96999	1.94963
6.279225675	2.00665	1.97123	1.97002	1.97	1.97	1.97001	1.97024	1.96982	1.97	1.96999	1.94958
6.299296068	2.00694	1.97126	1.97002	1.97	1.97	1.97001	1.97024	1.96982	1.97	1.96999	1.94952
6.31959161	2.00724	1.97129	1.97003	1.97	1.97	1.97001	1.97025	1.96981	1.97	1.97	1.94946
6.339919316	2.00753	1.97131	1.97003	1.97	1.97	1.97001	1.97026	1.96981	1.97	1.97	1.9494
6.360462358	2.00781	1.97134	1.97003	1.97	1.97	1.97001	1.97026	1.96981	1.97	1.97	1.94934
6.381134601	2.00809	1.97137	1.97003	1.97	1.97	1.97001	1.97027	1.9698	1.97	1.97	1.94928
6.399159789	2.00833	1.9714	1.97003	1.97	1.97	1.97001	1.97027	1.9698	1.97	1.97	1.94922
6.419327831	2.00859	1.97143	1.97003	1.97	1.97	1.97001	1.97028	1.9698	1.97	1.97	1.94916
6.439495873	2.00884	1.97146	1.97003	1.97	1.97	1.97001	1.97028	1.96979	1.97	1.97	1.9491
6.459663916	2.00909	1.97149	1.97003	1.97	1.97	1.97001	1.97029	1.96979	1.97	1.97	1.94904
6.479831958	2.00932	1.97152	1.97003	1.97	1.97	1.97001	1.9703	1.96979	1.97	1.97	1.94899
6.5	2.00955	1.97155	1.97003	1.97	1.97	1.97001	1.9703	1.96978	1.97	1.97	1.94893
6.519559067	2.00977	1.97158	1.97003	1.97	1.97	1.97001	1.97031	1.96978	1.97	1.97	1.94887
6.539019075	2.00997	1.97161	1.97003	1.97	1.97	1.97001	1.97031	1.96978	1.97	1.97	1.94881
6.560790141	2.01019	1.97165	1.97003	1.97	1.97	1.97001	1.97031	1.96977	1.97	1.97001	1.94875
6.580055397	2.01038	1.97168	1.97004	1.97	1.97	1.97001	1.97032	1.96977	1.97	1.97001	1.9487
6.599252864	2.01055	1.97171	1.97004	1.97	1.97	1.97001	1.97032	1.96977	1.97	1.97001	1.94864
6.620748824	2.01074	1.97175	1.97004	1.97	1.97	1.97001	1.97033	1.96977	1.97	1.97001	1.94858
6.639830644	2.0109	1.97178	1.97004	1.97	1.97	1.97001	1.97033	1.96976	1.97	1.97001	1.94853
6.661138027	2.01106	1.97182	1.97004	1.97	1.97	1.97001	1.97033	1.96976	1.97	1.97001	1.94847
6.679864957	2.0112	1.97185	1.97004	1.97	1.97	1.97001	1.97033	1.96976	1.97	1.97001	1.94842
6.70070818	2.01133	1.97189	1.97004	1.97	1.97	1.97	1.97034	1.96976	1.97	1.97001	1.94837
6.719107572	2.01145	1.97192	1.97004	1.97	1.97	1.97	1.97034	1.96976	1.97	1.97002	1.94832
6.739660676	2.01156	1.97196	1.97004	1.97	1.97	1.97	1.97034	1.96975	1.97	1.97002	1.94827
6.760091441	2.01166	1.972	1.97005	1.97	1.97	1.97	1.97034	1.96975	1.97	1.97002	1.94822
6.780461036	2.01175	1.97204	1.97005	1.97	1.97	1.97	1.97034	1.96975	1.97	1.97002	1.94817
6.80083063	2.01183	1.97208	1.97005	1.97	1.97	1.97	1.97034	1.96975	1.97	1.97002	1.94813
6.818936937	2.01188	1.97212	1.97005	1.97	1.97	1.97	1.97035	1.96975	1.97	1.97002	1.94808
6.839306531	2.01194	1.97216	1.97005	1.97	1.97	1.97	1.97035	1.96975	1.97	1.97003	1.94804
6.859676126	2.01197	1.9722	1.97005	1.97	1.97	1.97	1.97035	1.96975	1.97	1.97003	1.948
6.88004572	2.012	1.97224	1.97005	1.97	1.97	1.97	1.97035	1.96974	1.97	1.97003	1.94795
6.900415315	2.01201	1.97228	1.97005	1.97	1.97	1.97	1.97035	1.96974	1.97	1.97003	1.94791
6.92078491	2.01201	1.97233	1.97006	1.97	1.97	1.97	1.97034	1.96974	1.97	1.97003	1.94788
6.938891216	2.01199	1.97237	1.97006	1.97	1.97	1.97	1.97034	1.96974	1.97	1.97003	1.94784
6.959260811	2.01196	1.97241	1.97006	1.97	1.97	1.97	1.97034	1.96974	1.97	1.97004	1.94781
6.979630405	2.01191	1.97246	1.97006	1.97	1.97	1.97	1.97034	1.96974	1.97	1.97004	1.94777
7	2.01185	1.9725	1.97006	1.97	1.97	1.97	1.97034	1.96974	1.97	1.97004	1.94774
7.020898847	2.01177	1.97255	1.97006	1.97	1.97	1.97	1.97034	1.96974	1.97	1.97004	1.94771
7.039560596	2.01168	1.97259	1.97006	1.97	1.97	1.97	1.97034	1.96974	1.97	1.97005	1.94768
7.060313536	2.01157	1.97264	1.97007	1.97	1.97	1.97	1.97033	1.96974	1.97	1.97005	1.94765
7.080839275	2.01144	1.97269	1.97007	1.97	1.97	1.96999	1.97033	1.96974	1.97	1.97005	1.94763
7.098915348	2.01131	1.97274	1.97007	1.97	1.96999	1.96999	1.97033	1.96975	1.97	1.97005	1.94761
7.119055006	2.01115	1.97279	1.97007	1.97	1.96999	1.96999	1.97033	1.96975	1.97	1.97006	1.94759
7.139025651	2.01098	1.97284	1.97007	1.97	1.96999	1.96999	1.97032	1.96975	1.97	1.97006	1.94757
7.161061956	2.01077	1.97289	1.97007	1.97	1.96999	1.96999	1.97032	1.96975	1.97	1.97006	1.94754
7.180797146	2.01056	1.97294	1.97008	1.97	1.96999	1.96999	1.97032	1.96975	1.97	1.97006	1.94753
7.200474034	2.01033	1.97299	1.97008	1.97	1.96999	1.96999	1.97031	1.96975	1.97	1.97007	1.94751
7.220117543	2.01009	1.97304	1.97008	1.97	1.96999	1.96999	1.97031	1.96976	1.97	1.97007	1.9475
7.239644226	2.00983	1.9731	1.97008	1.97	1.96999	1.96999	1.97031	1.96976	1.97	1.97007	1.94748
7.259170909	2.00956	1.97315	1.97008	1.97	1.96999	1.96999	1.9703	1.96976	1.97	1.97008	1.94747
7.280867224	2.00923	1.97321	1.97009	1.97	1.96999	1.96999	1.9703	1.96977	1.97	1.97008	1.94746
7.300440566	2.00892	1.97326	1.97009	1.97	1.96999	1.96998	1.9703	1.96977	1.97	1.97008	1.94745
7.320177213	2.00859	1.97332	1.97009	1.97	1.96999	1.96998	1.97029	1.96977	1.97	1.97009	1.94745
7.33991386	2.00823	1.97337	1.97009	1.97	1.96999	1.96998	1.97029	1.96978	1.97	1.97009	1.94744
7.359650508	2.00786	1.97343	1.97009	1.97	1.96999	1.96998	1.97028	1.96978	1.97	1.97009	1.94743
7.379387155	2.00747	1.97349	1.9701	1.97	1.96999	1.96998	1.97028	1.96979	1.97	1.9701	1.94743
7.399123802	2.00706	1.97354	1.9701	1.97	1.96999	1.96998	1.97027	1.96979	1.97	1.9701	1.94743
7.421053411	2.00658	1.97361	1.9701	1.97	1.96999	1.96998	1.97027	1.9698	1.97	1.9701	1.94743
7.440790058	2.00613	1.97367	1.9701	1.97	1.96999	1.96998	1.97027	1.96981	1.97	1.97011	1.94743
7.460526705	2.00566	1.97373	1.97011	1.97	1.96999	1.96998	1.97026	1.96981	1.97	1.97011	1.94743
7.480263353	2.00517	1.97379	1.97011	1.97	1.96999	1.96997	1.97026	1.96982	1.97	1.97012	1.94743
7.5	2.00466	1.97385	1.97011	1.97	1.96999	1.96997	1.97025	1.96982	1.97	1.97012	1.94743
7.519883052	2.00412	1.97391	1.97011	1.97	1.96999	1.96997	1.97025	1.96983	1.97	1.97013	1.94743
7.539888802	2.00356	1.97398	1.97012	1.97	1.96999	1.96997	1.97024	1.96984	1.97	1.97013	1.94743
7.559990747	2.00298	1.97404	1.97012	1.97	1.96999	1.96997	1.97024	1.96985	1.97	1.97013	1.94744
7.580092693	2.00237	1.9741	1.97012	1.97	1.96999	1.96997	1.97024	1.96986	1.97	1.97014	1.94744
7.600194638	2.00175	1.97417	1.97012	1.97	1.96999	1.96997	1.97023	1.96987	1.97	1.97014	1.94745
7.620385418	2.00109	1.97424	1.97013	1.97	1.96999	1.96996	1.97023	1.96987	1.97	1.97015	1.94745
7.640629483	2.00042	1.97431	1.97013	1.97	1.96999	1.96996	1.97022	1.96988	1.97	1.97015	1.94746
7.66097121	1.99972	1.97438	1.97013	1.97	1.96999	1.96996	1.97022	1.96989	1.97	1.97016	1.94746
7.678960906	1.99908	1.97444	1.97014	1.97	1.96999	1.96996	1.97022	1.9699	1.97	1.97016	1.94747
7.698946791	1.99835	1.97451	1.97014	1.97	1.96999	1.96996	1.97021	1.96991	1.97	1.97017	1.94748
7.720886245	1.99753	1.97458	1.97014	1.97	1.96999	1.96996	1.97021	1.96993	1.97	1.97018	1.94748
7.74044109	1.99677	1.97465	1.97014	1.97	1.96999	1.96996	1.97021	1.96994	1.97	1.97018	1.94749
7.759908008	1.996	1.97472	1.97015	1.97	1.96999	1.96995	1.9702	1.96995	1.97	1.97019	1.94749
7.779237282	1.99521	1.97479	1.97015	1.97	1.96999	1.96995	1.9702	1.96996	1.97	1.97019	1.9475
7.800670555	1.99431	1.97487	1.97015	1.97	1.96999	1.96995	1.9702	1.96998	1.97	1.9702	1.9475
7.819960502	1.99348	1.97494	1.97016	1.97	1.96999	1.96995	1.97019	1.96999	1.97	1.97021	1.94751
7.839023507	1.99263	1.97501	1.97016	1.97	1.96999	1.96995	1.97019	1.97	1.97	1.97021	1.94751
7.860204625	1.99168	1.97509	1.97016	1.97	1.96999	1.96995	1.97019	1.97002	1.97	1.97022	1.94751
7.87926763	1.99079	1.97516	1.97017	1.97	1.96999	1.96994	1.97019	1.97003	1.97	1.97022	1.94751
7.900448748	1.98979	1.97524	1.97017	1.97	1.96999	1.96994	1.97018	1.97005	1.97	1.97023	1.94751
7.919511754	1.98887	1.97532	1.97018	1.97	1.96999	1.96994	1.97018	1.97006	1.97	1.97024	1.9475
7.940692871	1.98782	1.9754	1.97018	1.97	1.96999	1.96994	1.97018	1.97008	1.97	1.97025	1.9475
7.959755877	1.98685	1.97548	1.97018	1.97	1.96999	1.96994	1.97018	1.97009	1.97	1.97025	1.94749
7.980936994	1.98576	1.97556	1.97019	1.97	1.96999	1.96994	1.97017	1.97011	1.97	1.97026	1.94748
8	1.98475	1.97564	1.97019	1.97	1.96999	1.96993	1.97017	1.97013	1.97	1.97027	1.94747
8.019249679	1.98371	1.97572	1.9702	1.97	1.96999	1.96993	1.97017	1.97014	1.97	1.97028	1.94746
8.040760971	1.98254	1.9758	1.9702	1.97	1.96999	1.96993	1.97017	1.97016	1.97	1.97028	1.94744
8.060278885	1.98144	1.97588	1.9702	1.97	1.96999	1.96993	1.97017	1.97018	1.97	1.97029	1.94743
8.079947779	1.98032	1.97597	1.97021	1.97	1.96999	1.96993	1.97017	1.9702	1.97	1.9703	1.94741
8.099812151	1.97917	1.97605	1.97021	1.97	1.96999	1.96992	1.97017	1.97022	1.97	1.97031	1.94739
8.119898218	1.97799	1.97613	1.97022	1.97	1.96999	1.96992	1.97017	1.97024	1.97	1.97032	1.94736
8.140236342	1.97677	1.97622	1.97022	1.97	1.96999	1.96992	1.97017	1.97026	1.97	1.97033	1.94734
8.160569842	1.97553	1.97631	1.97023	1.97	1.96999	1.96992	1.97016	1.97028	1.97001	1.97034	1.94731
8.18071026	1.97429	1.9764	1.97023	1.97	1.96999	1.96992	1.97016	1.9703	1.97001	1.97034	1.94728
8.200649684	1.97303	1.97648	1.97024	1.97	1.96999	1.96992	1.97016	1.97032	1.97001	1.97035	1.94724
8.220459632	1.97177	1.97657	1.97024	1.97	1.96999	1.96991	1.97016	1.97034	1.97001	1.97036	1.94721
8.240114814	1.9705	1.97666	1.97025	1.97	1.96999	1.96991	1.97016	1.97037	1.97001	1.97037	1.94717
8.259712525	1.96921	1.97674	1.97025	1.97	1.96999	1.96991	1.97016	1.97039	1.97001	1.97038	1.94713
8.279195293	1.96791	1.97683	1.97026	1.97	1.96999	1.96991	1.97016	1.97041	1.97001	1.97039	1.94709
8.300842813	1.96645	1.97693	1.97026	1.97	1.96999	1.96991	1.97017	1.97044	1.97001	1.9704	1.94703
8.320325581	1.96512	1.97702	1.97027	1.97	1.96999	1.9699	1.97017	1.97046	1.97001	1.97041	1.94699
8.339623554	1.96379	1.97711	1.97027	1.97	1.96999	1.9699	1.97017	1.97048	1.97001	1.97042	1.94694
8.36100708	1.96229	1.97721	1.97028	1.97	1.96999	1.9699	1.97017	1.97051	1.97001	1.97044	1.94688
8.380252253	1.96092	1.9773	1.97028	1.97	1.96999	1.9699	1.97017	1.97053	1.97001	1.97045	1.94682
8.399497427	1.95955	1.97739	1.97029	1.97	1.96999	1.9699	1.97017	1.97056	1.97001	1.97046	1.94676
8.420880953	1.958	1.97749	1.9703	1.97	1.96999	1.9699	1.97017	1.97058	1.97001	1.97047	1.94669
8.440126127	1.95659	1.97758	1.9703	1.97	1.96999	1.96989	1.97017	1.97061	1.97001	1.97048	1.94663
8.4593713	1.95517	1.97767	1.97031	1.97001	1.96999	1.96989	1.97017	1.97063	1.97001	1.97049	1.94656
8.480754826	1.95357	1.97778	1.97032	1.97001	1.96999	1.96989	1.97017	1.97066	1.97001	1.97051	1.94648
8.5	1.95212	1.97787	1.97032	1.97001	1.96999	1.96989	1.97017	1.97069	1.97001	1.97052	1.94641
8.519499932	1.95064	1.97797	1.97033	1.97001	1.96999	1.96989	1.97018	1.97072	1.97001	1.97053	1.94634
8.539098288	1.94914	1.97806	1.97033	1.97001	1.96999	1.96989	1.97018	1.97074	1.97001	1.97054	1.94626
8.561005593	1.94745	1.97817	1.97034	1.97001	1.96999	1.96988	1.97018	1.97077	1.97001	1.97056	1.94617
8.580860638	1.9459	1.97827	1.97035	1.97001	1.96999	1.96988	1.97018	1.9708	1.97001	1.97057	1.94609
8.600868129	1.94433	1.97837	1.97036	1.97001	1.96999	1.96988	1.97018	1.97083	1.97001	1.97058	1.946
8.621051278	1.94273	1.97847	1.97036	1.97001	1.96999	1.96988	1.97018	1.97086	1.97001	1.9706	1.94591
8.639165225	1.94129	1.97856	1.97037	1.97001	1.96999	1.96988	1.97018	1.97088	1.97001	1.97061	1.94583
8.659779204	1.93965	1.97867	1.97038	1.97001	1.96999	1.96988	1.97019	1.97091	1.97001	1.97062	1.94573
8.680546451	1.93798	1.97877	1.97038	1.97001	1.96999	1.96987	1.97019	1.97094	1.97001	1.97064	1.94564
8.698932266	1.93649	1.97887	1.97039	1.97001	1.96999	1.96987	1.97019	1.97097	1.97001	1.97065	1.94555
8.719492558	1.93482	1.97897	1.9704	1.97001	1.96999	1.96987	1.97019	1.971	1.97001	1.97067	1.94545
8.740017493	1.93314	1.97908	1.97041	1.97001	1.96999	1.96987	1.97019	1.97103	1.97001	1.97068	1.94535
8.760542428	1.93146	1.97919	1.97041	1.97001	1.96999	1.96987	1.97019	1.97106	1.97001	1.9707	1.94525
8.781067363	1.92977	1.97929	1.97042	1.97001	1.96999	1.96987	1.97019	1.97109	1.97001	1.97072	1.94514
8.799311749	1.92826	1.97939	1.97043	1.97001	1.96999	1.96987	1.97019	1.97112	1.97001	1.97073	1.94505
8.819836684	1.92656	1.9795	1.97044	1.97001	1.96999	1.96987	1.97019	1.97115	1.97001	1.97075	1.94494
8.840361619	1.92485	1.9796	1.97045	1.97001	1.96999	1.96986	1.9702	1.97118	1.97001	1.97076	1.94483
8.860886553	1.92314	1.97971	1.97046	1.97001	1.96999	1.96986	1.9702	1.97121	1.97001	1.97078	1.94472
8.87913094	1.92162	1.97981	1.97046	1.97001	1.96999	1.96986	1.9702	1.97124	1.97001	1.9708	1.94463
8.899655875	1.9199	1.97992	1.97047	1.97001	1.96999	1.96986	1.9702	1.97127	1.97001	1.97081	1.94451
8.920180809	1.91818	1.98003	1.97048	1.97001	1.96999	1.96986	1.9702	1.9713	1.97001	1.97083	1.9444
8.940705744	1.91646	1.98014	1.97049	1.97001	1.96999	1.96986	1.9702	1.97133	1.97001	1.97085	1.94429
8.958950131	1.91494	1.98024	1.9705	1.97001	1.96999	1.96986	1.9702	1.97135	1.97001	1.97087	1.94418
8.979475065	1.91322	1.98035	1.97051	1.97001	1.96999	1.96986	1.9702	1.97138	1.97001	1.97089	1.94407
9	1.9115	1.98046	1.97052	1.97001	1.96999	1.96986	1.9702	1.97141	1.97001	1.9709	1.94395
9.020909407	1.90975	1.98058	1.97053	1.97001	1.96999	1.96986	1.9702	1.97144	1.97001	1.97092	1.94383
9.039526613	1.90819	1.98068	1.97054	1.97001	1.96999	1.96986	1.9702	1.97147	1.97001	1.97094	1.94372
9.060575901	1.90644	1.98079	1.97055	1.97001	1.96999	1.96986	1.97019	1.9715	1.97001	1.97096	1.9436
9.079374793	1.90487	1.98089	1.97056	1.97001	1.96999	1.96986	1.97019	1.97153	1.97001	1.97098	1.94349
9.100629755	1.90311	1.98101	1.97057	1.97001	1.96999	1.96986	1.97019	1.97156	1.97001	1.971	1.94336
9.11962027	1.90154	1.98111	1.97058	1.97001	1.96999	1.96986	1.97019	1.97158	1.97001	1.97102	1.94325
9.141122627	1.89977	1.98123	1.97059	1.97001	1.96999	1.96986	1.97019	1.97161	1.97001	1.97104	1.94312
9.160360408	1.89819	1.98134	1.9706	1.97001	1.96999	1.96986	1.97019	1.97164	1.97001	1.97106	1.94301
9.179718651	1.89661	1.98145	1.97061	1.97001	1.96999	1.96986	1.97019	1.97166	1.97001	1.97108	1.9429
9.199224422	1.89502	1.98155	1.97062	1.97001	1.96999	1.96986	1.97019	1.97169	1.97001	1.9711	1.94278
9.218869954	1.89344	1.98166	1.97064	1.97001	1.96999	1.96986	1.97018	1.97171	1.97001	1.97113	1.94267
9.241155767	1.89165	1.98178	1.97065	1.97001	1.96999	1.96986	1.97018	1.97174	1.97001	1.97115	1.94254
9.261167423	1.89005	1.98189	1.97066	1.97001	1.96999	1.96986	1.97018	1.97177	1.97001	1.97117	1.94242
9.278765612	1.88866	1.98199	1.97067	1.97001	1.96999	1.96986	1.97018	1.97179	1.97001	1.97119	1.94232
9.29887783	1.88708	1.9821	1.97068	1.97001	1.96999	1.96986	1.97017	1.97181	1.97001	1.97121	1.9422
9.319244632	1.88549	1.98221	1.9707	1.97002	1.96999	1.96986	1.97017	1.97184	1.97001	1.97124	1.94208
9.339611434	1.88391	1.98233	1.97071	1.97002	1.96999	1.96986	1.97017	1.97186	1.97001	1.97126	1.94197
9.359978236	1.88236	1.98244	1.97072	1.97002	1.96999	1.96986	1.97016	1.97188	1.97001	1.97129	1.94185
9.380345038	1.88081	1.98255	1.97073	1.97002	1.96999	1.96986	1.97016	1.9719	1.97001	1.97131	1.94173
9.40071184	1.87929	1.98266	1.97075	1.97002	1.96999	1.96986	1.97016	1.97193	1.97001	1.97133	1.94162
9.421078642	1.87778	1.98277	1.97076	1.97002	1.96999	1.96986	1.97015	1.97195	1.97001	1.97136	1.9415
9.438899594	1.87648	1.98287	1.97077	1.97002	1.96999	1.96986	1.97015	1.97196	1.97001	1.97138	1.9414
9.459266396	1.875	1.98298	1.97079	1.97002	1.96999	1.96987	1.97015	1.97198	1.97001	1.97141	1.94129
9.479633198	1.87355	1.98309	1.9708	1.97002	1.96999	1.96987	1.97014	1.972	1.97001	1.97143	1.94118
9.5	1.87212	1.9832	1.97082	1.97002	1.96999	1.96987	1.97014	1.97202	1.97001	1.97146	1.94106
9.521081392	1.87066	1.98332	1.97083	1.97002	1.96999	1.96987	1.97013	1.97204	1.97001	1.97148	1.94095
9.539603106	1.86939	1.98342	1.97084	1.97002	1.96999	1.96987	1.97013	1.97205	1.97001	1.97151	1.94084
9.560893136	1.86796	1.98353	1.97086	1.97002	1.96999	1.96988	1.97012	1.97207	1.97001	1.97154	1.94073
9.579635502	1.86673	1.98363	1.97087	1.97002	1.96999	1.96988	1.97012	1.97208	1.97001	1.97156	1.94063
9.601176268	1.86533	1.98375	1.97089	1.97002	1.96999	1.96988	1.97011	1.97209	1.97001	1.97159	1.94051
9.620132475	1.86413	1.98385	1.9709	1.97002	1.96999	1.96988	1.97011	1.97211	1.97001	1.97162	1.94041
9.639205655	1.86294	1.98395	1.97092	1.97002	1.96999	1.96988	1.9701	1.97212	1.97001	1.97164	1.94031
9.661115712	1.8616	1.98407	1.97094	1.97002	1.96999	1.96989	1.9701	1.97213	1.97001	1.97167	1.94019
9.680401809	1.86045	1.98417	1.97095	1.97002	1.96999	1.96989	1.97009	1.97214	1.97001	1.9717	1.94009
9.699809817	1.85931	1.98427	1.97097	1.97002	1.96999	1.96989	1.97009	1.97215	1.97001	1.97173	1.93999
9.719347545	1.8582	1.98437	1.97098	1.97002	1.96999	1.9699	1.97008	1.97215	1.97001	1.97175	1.93988
9.738993217	1.8571	1.98447	1.971	1.97002	1.96999	1.9699	1.97008	1.97216	1.97001	1.97178	1.93978
9.758765025	1.85603	1.98457	1.97102	1.97003	1.96999	1.9699	1.97007	1.97217	1.97001	1.97181	1.93968
9.778631435	1.85498	1.98467	1.97103	1.97003	1.96999	1.96991	1.97007	1.97217	1.97001	1.97184	1.93957
9.798721902	1.85395	1.98477	1.97105	1.97003	1.96999	1.96991	1.97006	1.97217	1.97001	1.97187	1.93947
9.818849711	1.85295	1.98487	1.97107	1.97003	1.96999	1.96991	1.97006	1.97218	1.97001	1.9719	1.93937
9.839172464	1.85197	1.98497	1.97109	1.97003	1.96999	1.96992	1.97005	1.97218	1.97001	1.97193	1.93926
9.859641423	1.85102	1.98507	1.9711	1.97003	1.96999	1.96992	1.97004	1.97218	1.97001	1.97196	1.93916
9.880110382	1.8501	1.98517	1.97112	1.97003	1.96999	1.96992	1.97004	1.97218	1.97001	1.97199	1.93905
9.900964096	1.84921	1.98527	1.97114	1.97003	1.96999	1.96993	1.97003	1.97218	1.97001	1.97202	1.93895
9.918970624	1.84846	1.98536	1.97116	1.97003	1.96999	1.96993	1.97003	1.97217	1.97001	1.97205	1.93885
9.93997824	1.84763	1.98546	1.97118	1.97003	1.96999	1.96994	1.97002	1.97217	1.97001	1.97208	1.93875
9.960985856	1.84683	1.98556	1.9712	1.97003	1.96999	1.96994	1.97002	1.97216	1.97001	1.97211	1.93864
9.978992384	1.84618	1.98564	1.97122	1.97003	1.96999	1.96995	1.97001	1.97216	1.97001	1.97214	1.93855
10	1.84546	1.98574	1.97124	1.97003	1.96999	1.96995	1.97001	1.97215	1.97001	1.97218	1.93844
