/*--------------------------------*- C++ -*----------------------------------*\
| =========                 |                                                 |
| \\      /  F ield         | OpenFOAM: The Open Source CFD Toolbox           |
|  \\    /   O peration     | Version:  v1912                                 |
|   \\  /    A nd           | Website:  www.openfoam.com                      |
|    \\/     M anipulation  |                                                 |
\*---------------------------------------------------------------------------*/
FoamFile
{
    version	2.0;
    format	ascii;
    class	dictionary;
    object	waveProperties;
}
// * * * * * * * * * * * * * * * * * * * * * * * * * * * * * * * * * * * * * //

seaLevel            -0.66;

seaLevelAsReference true;

relaxationNames     ( inlet );

initializationName  init;

inletCoeffs
{
    waveType            irregular;
    spectrum            JONSWAP;
    N                   200;
    Tsoft               54.98;
    Hs                  5.98;
    Tp                  27.49;
    gamma               3.3;
    depth               14.34;
    direction           ( 1 0 0 );
    spectramValues  nonuniform List<scalar> 
201
(
5.2038e-40
7.68036e-33
4.11918e-27
1.71135e-22
9.68125e-19
1.14079e-15
3.87049e-13
4.85006e-11
2.72312e-09
7.96884e-08
1.36943e-06
1.51939e-05
0.000117416
0.000671811
0.00299045
0.0107827
0.0325528
0.084559
0.193306
0.396281
0.740027
1.27556
2.05201
3.11005
4.47636
6.16043
8.15378
10.4317
12.9569
15.6846
18.5679
21.5639
24.6392
27.7747
30.9692
34.2418
37.6321
41.1989
45.0173
49.1737
53.7599
58.8659
64.5713
70.9356
77.9891
85.7225
94.0802
102.956
112.196
121.603
130.957
140.027
148.593
156.469
163.512
169.631
174.794
179.017
182.359
184.91
186.779
188.085
188.946
189.473
189.764
189.902
189.954
189.966
189.966
189.961
189.941
189.887
189.773
189.567
189.228
188.711
187.964
186.932
185.557
183.779
181.544
178.799
175.502
171.623
167.149
162.083
156.452
150.303
143.704
136.744
129.526
122.163
114.774
107.473
100.368
93.5527
87.1037
81.079
75.5167
70.4359
65.8388
61.7132
58.0353
54.7726
51.8871
49.337
47.0795
45.0721
43.2741
41.648
40.16
38.7804
37.4845
36.252
35.0671
33.9181
32.7965
31.697
30.6163
29.5529
28.5063
27.4771
26.466
25.474
24.5023
23.5519
22.6239
21.7191
20.8383
19.982
19.1508
18.3449
17.5646
16.81
16.081
15.3776
14.6995
14.0465
13.4182
12.8142
12.2342
11.6775
11.1436
10.6319
10.1419
9.67293
9.22431
8.79543
8.38561
7.99419
7.62053
7.26395
6.92381
6.59946
6.29028
5.99564
5.71494
5.44758
5.19298
4.9506
4.71988
4.5003
4.29135
4.09254
3.9034
3.72348
3.55233
3.38955
3.23472
3.08747
2.94742
2.81422
2.68753
2.56704
2.45244
2.34343
2.23974
2.1411
2.04725
1.95796
1.873
1.79214
1.71519
1.64194
1.57221
1.50582
1.4426
1.38239
1.32505
1.27042
1.21837
1.16876
1.12149
1.07642
1.03345
0.992473
0.953391
0.916108
0.880535
0.846587
0.814183
)
;

    fspectrum       nonuniform List<scalar> 
201
(
0.0121256
0.0126858
0.0132456
0.0138049
0.0143632
0.0149204
0.0154761
0.01603
0.0165818
0.0171312
0.017678
0.0182217
0.0187623
0.0192993
0.0198325
0.0203615
0.0208862
0.0214062
0.0219212
0.022431
0.0229353
0.0234339
0.0239264
0.0244126
0.0248923
0.0253651
0.0258309
0.0262893
0.0267403
0.0271834
0.0276185
0.0280453
0.0284636
0.0288732
0.0292738
0.0296654
0.0300475
0.0304201
0.0307829
0.0311358
0.0314785
0.0318109
0.0321328
0.0324441
0.0327444
0.0330338
0.0333121
0.033579
0.0338344
0.0340783
0.0343105
0.0345308
0.0347392
0.0349355
0.0351197
0.0352916
0.0354511
0.0355982
0.0357327
0.0358547
0.0359639
0.0360605
0.0361443
0.0362153
0.0362734
0.0363187
0.036351
0.0363769
0.0363819
0.0363972
0.0364225
0.036458
0.0365037
0.0365595
0.0366254
0.0367014
0.0367875
0.0368837
0.03699
0.0371063
0.0372327
0.0373691
0.0375156
0.037672
0.0378384
0.0380147
0.038201
0.0383971
0.0386031
0.038819
0.0390446
0.03928
0.0395252
0.0397801
0.0400447
0.0403189
0.0406027
0.040896
0.0411989
0.0415112
0.041833
0.0421642
0.0425047
0.0428545
0.0432135
0.0435817
0.0439591
0.0443456
0.0447411
0.0451456
0.045559
0.0459813
0.0464124
0.0468522
0.0473007
0.0477579
0.0482236
0.0486978
0.0491805
0.0496715
0.0501707
0.0506783
0.0511939
0.0517177
0.0522494
0.0527891
0.0533367
0.053892
0.0544551
0.0550257
0.0556039
0.0561896
0.0567827
0.057383
0.0579906
0.0586053
0.0592271
0.0598558
0.0604914
0.0611338
0.0617829
0.0624386
0.0631008
0.0637694
0.0644443
0.0651255
0.0658128
0.0665062
0.0672055
0.0679106
0.0686215
0.0693381
0.0700602
0.0707877
0.0715206
0.0722588
0.0730021
0.0737504
0.0745036
0.0752617
0.0760246
0.076792
0.0775639
0.0783403
0.0791209
0.0799058
0.0806947
0.0814875
0.0822843
0.0830847
0.0838888
0.0846965
0.0855075
0.0863218
0.0871393
0.0879599
0.0887834
0.0896098
0.0904389
0.0912706
0.0921048
0.0929414
0.0937802
0.0946212
0.0954641
0.096309
0.0971557
0.0980041
0.098854
0.0997053
0.100558
0.101412
0.102267
0.103123
0.103979
0.104837
0.105695
0.106553
0.107412
0.108271
0.109131
)
;

    amplitude           nonuniform List<scalar>
    200
    (
        2.07417e-18
        1.5186e-15
        3.09372e-13
        2.32521e-11
        7.97588e-10
        1.4687e-08
        1.64555e-07
        1.23668e-06
        6.72897e-06
        2.81481e-05
        9.49053e-05
        0.000267733
        0.00065101
        0.00139736
        0.00269941
        0.00476829
        0.00780365
        0.0119629
        0.0173372
        0.0239385
        0.0316995
        0.0404829
        0.0500985
        0.0603231
        0.0709194
        0.0816535
        0.0923085
        0.102695
        0.112656
        0.122076
        0.130877
        0.139023
        0.146522
        0.153416
        0.159784
        0.165731
        0.171382
        0.176867
        0.182312
        0.187826
        0.193487
        0.199335
        0.205361
        0.211505
        0.217658
        0.223664
        0.229332
        0.234447
        0.238791
        0.242154
        0.244353
        0.245242
        0.244722
        0.242741
        0.23929
        0.234396
        0.228112
        0.220503
        0.211632
        0.201547
        0.190263
        0.177747
        0.163892
        0.148472
        0.13106
        0.110823
        0.0991517
        0.0439068
        0.0760465
        0.0981678
        0.116134
        0.131643
        0.145458
        0.157994
        0.169493
        0.180104
        0.189914
        0.198971
        0.207294
        0.214881
        0.221717
        0.227773
        0.233018
        0.237418
        0.240944
        0.243573
        0.245293
        0.246107
        0.246037
        0.245123
        0.243425
        0.241021
        0.238007
        0.234491
        0.230591
        0.226427
        0.222119
        0.21778
        0.213513
        0.209404
        0.205525
        0.201928
        0.198646
        0.195692
        0.193066
        0.190751
        0.188717
        0.186927
        0.185338
        0.183904
        0.182579
        0.18132
        0.180089
        0.178853
        0.177585
        0.176266
        0.174881
        0.17342
        0.171881
        0.17026
        0.16856
        0.166784
        0.164935
        0.163019
        0.161042
        0.159008
        0.156924
        0.154795
        0.152626
        0.150423
        0.148191
        0.145934
        0.143657
        0.141365
        0.139061
        0.136751
        0.134437
        0.132123
        0.129812
        0.127508
        0.125214
        0.122931
        0.120662
        0.118411
        0.116178
        0.113966
        0.111777
        0.109612
        0.107472
        0.105359
        0.103274
        0.101218
        0.099191
        0.097195
        0.0952302
        0.093297
        0.0913959
        0.0895273
        0.0876913
        0.0858883
        0.0841183
        0.0823813
        0.0806773
        0.0790062
        0.0773679
        0.0757623
        0.0741891
        0.072648
        0.0711389
        0.0696612
        0.0682147
        0.066799
        0.0654137
        0.0640585
        0.0627327
        0.061436
        0.060168
        0.0589282
        0.057716
        0.0565309
        0.0553726
        0.0542405
        0.053134
        0.0520528
        0.0509962
        0.0499638
        0.048955
        0.0479695
        0.0470066
        0.0460659
        0.045147
        0.0442492
        0.0433722
        0.0425155
        0.0416786
        0.0408611
        0.0400625
        0.0392823
        0.0385201
        0.0377756
    );
    frequency           nonuniform List<scalar>
    200
    (
        0.0124057
        0.0129657
        0.0135253
        0.0140841
        0.0146418
        0.0151982
        0.015753
        0.0163059
        0.0168565
        0.0174046
        0.0179499
        0.018492
        0.0190308
        0.0195659
        0.020097
        0.0206238
        0.0211462
        0.0216637
        0.0221761
        0.0226832
        0.0231846
        0.0236801
        0.0241695
        0.0246524
        0.0251287
        0.025598
        0.0260601
        0.0265148
        0.0269618
        0.0274009
        0.0278319
        0.0282544
        0.0286684
        0.0290735
        0.0294696
        0.0298564
        0.0302338
        0.0306015
        0.0309594
        0.0313072
        0.0316447
        0.0319719
        0.0322884
        0.0325943
        0.0328891
        0.0331729
        0.0334455
        0.0337067
        0.0339564
        0.0341944
        0.0344207
        0.034635
        0.0348374
        0.0350276
        0.0352056
        0.0353713
        0.0355246
        0.0356654
        0.0357937
        0.0359093
        0.0360122
        0.0361024
        0.0361798
        0.0362443
        0.036296
        0.0363348
        0.0363639
        0.0363794
        0.0363895
        0.0364098
        0.0364403
        0.0364809
        0.0365316
        0.0365924
        0.0366634
        0.0367444
        0.0368356
        0.0369368
        0.0370481
        0.0371695
        0.0373009
        0.0374423
        0.0375938
        0.0377552
        0.0379265
        0.0381078
        0.038299
        0.0385001
        0.038711
        0.0389318
        0.0391623
        0.0394026
        0.0396527
        0.0399124
        0.0401818
        0.0404608
        0.0407493
        0.0410474
        0.041355
        0.0416721
        0.0419986
        0.0423344
        0.0426796
        0.043034
        0.0433976
        0.0437704
        0.0441524
        0.0445434
        0.0449434
        0.0453523
        0.0457702
        0.0461968
        0.0466323
        0.0470765
        0.0475293
        0.0479908
        0.0484607
        0.0489391
        0.049426
        0.0499211
        0.0504245
        0.0509361
        0.0514558
        0.0519836
        0.0525193
        0.0530629
        0.0536143
        0.0541735
        0.0547404
        0.0553148
        0.0558968
        0.0564861
        0.0570829
        0.0576868
        0.058298
        0.0589162
        0.0595415
        0.0601736
        0.0608126
        0.0614584
        0.0621107
        0.0627697
        0.0634351
        0.0641069
        0.0647849
        0.0654692
        0.0661595
        0.0668558
        0.0675581
        0.0682661
        0.0689798
        0.0696991
        0.070424
        0.0711542
        0.0718897
        0.0726304
        0.0733762
        0.074127
        0.0748827
        0.0756431
        0.0764083
        0.077178
        0.0779521
        0.0787306
        0.0795133
        0.0803002
        0.0810911
        0.0818859
        0.0826845
        0.0834868
        0.0842926
        0.085102
        0.0859147
        0.0867306
        0.0875496
        0.0883717
        0.0891966
        0.0900244
        0.0908548
        0.0916877
        0.0925231
        0.0933608
        0.0942007
        0.0950426
        0.0958866
        0.0967324
        0.0975799
        0.098429
        0.0992797
        0.100132
        0.100985
        0.101839
        0.102695
        0.103551
        0.104408
        0.105266
        0.106124
        0.106983
        0.107842
        0.108701
    );
    phaselag            nonuniform List<scalar>
    200
    (
        1.12089
        2.51125
        1.04677
        1.3328
        0.389154
        0.340234
        1.73206
        0.300068
        2.01711
        1.71364
        2.31056
        1.39717
        1.38015
        1.26755
        0.277187
        2.16091
        4.06933
        0.939111
        0.186408
        5.51974
        4.11812
        3.31528
        3.17839
        5.75346
        1.18177
        0.748679
        0.365033
        4.52345
        4.00575
        5.53452
        2.58905
        5.12664
        1.76258
        3.63582
        0.176257
        2.15173
        3.97605
        1.90831
        2.4518
        5.99316
        3.62195
        4.76236
        1.10715
        5.0021
        6.02991
        1.38434
        0.879825
        3.81606
        2.32345
        1.06623
        3.05261
        0.158378
        4.38152
        6.231
        5.91184
        5.56329
        0.696498
        6.27687
        3.80355
        4.70225
        5.52821
        0.109411
        3.5457
        1.0076
        3.74523
        3.72196
        3.15933
        1.4381
        5.63028
        5.61114
        1.14807
        2.96904
        4.09031
        2.25522
        1.68795
        3.83704
        3.63956
        2.56778
        1.36991
        5.963
        3.63401
        4.42252
        6.12138
        1.73234
        4.37034
        5.75004
        1.01244
        5.06684
        5.74372
        4.81599
        3.4859
        4.98874
        4.92541
        0.748423
        5.99634
        2.38745
        4.47038
        2.87249
        3.82554
        3.81748
        2.20044
        4.97362
        0.503333
        0.00756762
        0.945652
        2.19129
        3.84461
        4.58521
        4.75906
        5.21452
        4.26503
        2.10989
        3.35386
        4.10322
        3.84223
        1.44102
        3.57007
        4.85467
        0.224672
        3.03061
        3.38748
        3.71058
        1.73617
        2.0297
        4.459
        1.44932
        4.41715
        2.6462
        4.32181
        1.95951
        0.180489
        0.23907
        0.649941
        0.683822
        0.246637
        1.59559
        2.87511
        4.09125
        6.1808
        1.35099
        3.02258
        4.16264
        3.46087
        0.0932557
        1.98268
        1.01992
        1.53427
        5.55275
        5.87459
        1.75895
        2.30018
        2.97889
        5.46952
        4.03634
        5.00859
        3.64533
        5.48566
        3.14256
        0.0083477
        3.52429
        5.10206
        0.188836
        3.76336
        5.75201
        0.872658
        4.01
        1.06441
        3.74777
        1.81806
        0.96203
        5.09875
        4.84064
        5.12467
        2.27644
        4.93389
        0.824169
        3.29636
        0.184981
        0.0937355
        2.88776
        1.94393
        2.39391
        5.86665
        1.13026
        0.147066
        4.59205
        4.7756
        5.63273
        1.45142
        4.78395
        2.87383
        0.270303
        4.97278
        0.354007
        6.02231
        5.84544
        4.364
        0.803537
        3.31002
        6.18206
    );
    waveNumber          nonuniform List<vector>
    200
    (
        (0.00658166 0 0)
        (0.0068797 0 0)
        (0.00717763 0 0)
        (0.00747529 0 0)
        (0.00777253 0 0)
        (0.0080692 0 0)
        (0.00836513 0 0)
        (0.00866019 0 0)
        (0.0089542 0 0)
        (0.00924702 0 0)
        (0.0095385 0 0)
        (0.00982848 0 0)
        (0.0101168 0 0)
        (0.0104033 0 0)
        (0.0106879 0 0)
        (0.0109704 0 0)
        (0.0112506 0 0)
        (0.0115284 0 0)
        (0.0118036 0 0)
        (0.0120762 0 0)
        (0.0123459 0 0)
        (0.0126126 0 0)
        (0.0128762 0 0)
        (0.0131364 0 0)
        (0.0133933 0 0)
        (0.0136466 0 0)
        (0.0138962 0 0)
        (0.0141419 0 0)
        (0.0143837 0 0)
        (0.0146213 0 0)
        (0.0148547 0 0)
        (0.0150837 0 0)
        (0.0153082 0 0)
        (0.015528 0 0)
        (0.0157431 0 0)
        (0.0159533 0 0)
        (0.0161585 0 0)
        (0.0163586 0 0)
        (0.0165535 0 0)
        (0.0167429 0 0)
        (0.016927 0 0)
        (0.0171054 0 0)
        (0.0172782 0 0)
        (0.0174452 0 0)
        (0.0176064 0 0)
        (0.0177615 0 0)
        (0.0179106 0 0)
        (0.0180536 0 0)
        (0.0181903 0 0)
        (0.0183207 0 0)
        (0.0184448 0 0)
        (0.0185623 0 0)
        (0.0186733 0 0)
        (0.0187777 0 0)
        (0.0188754 0 0)
        (0.0189664 0 0)
        (0.0190507 0 0)
        (0.019128 0 0)
        (0.0191985 0 0)
        (0.0192621 0 0)
        (0.0193187 0 0)
        (0.0193683 0 0)
        (0.0194109 0 0)
        (0.0194464 0 0)
        (0.0194749 0 0)
        (0.0194962 0 0)
        (0.0195122 0 0)
        (0.0195208 0 0)
        (0.0195263 0 0)
        (0.0195375 0 0)
        (0.0195543 0 0)
        (0.0195766 0 0)
        (0.0196045 0 0)
        (0.019638 0 0)
        (0.0196771 0 0)
        (0.0197218 0 0)
        (0.019772 0 0)
        (0.0198278 0 0)
        (0.0198891 0 0)
        (0.019956 0 0)
        (0.0200285 0 0)
        (0.0201065 0 0)
        (0.0201901 0 0)
        (0.0202792 0 0)
        (0.0203738 0 0)
        (0.020474 0 0)
        (0.0205796 0 0)
        (0.0206908 0 0)
        (0.0208075 0 0)
        (0.0209296 0 0)
        (0.0210573 0 0)
        (0.0211904 0 0)
        (0.021329 0 0)
        (0.021473 0 0)
        (0.0216225 0 0)
        (0.0217775 0 0)
        (0.0219378 0 0)
        (0.0221036 0 0)
        (0.0222748 0 0)
        (0.0224514 0 0)
        (0.0226333 0 0)
        (0.0228206 0 0)
        (0.0230133 0 0)
        (0.0232114 0 0)
        (0.0234147 0 0)
        (0.0236234 0 0)
        (0.0238374 0 0)
        (0.0240567 0 0)
        (0.0242813 0 0)
        (0.0245111 0 0)
        (0.0247462 0 0)
        (0.0249866 0 0)
        (0.0252322 0 0)
        (0.025483 0 0)
        (0.025739 0 0)
        (0.0260002 0 0)
        (0.0262665 0 0)
        (0.0265381 0 0)
        (0.0268147 0 0)
        (0.0270965 0 0)
        (0.0273835 0 0)
        (0.0276755 0 0)
        (0.0279726 0 0)
        (0.0282748 0 0)
        (0.0285821 0 0)
        (0.0288944 0 0)
        (0.0292117 0 0)
        (0.0295341 0 0)
        (0.0298615 0 0)
        (0.0301938 0 0)
        (0.0305311 0 0)
        (0.0308734 0 0)
        (0.0312207 0 0)
        (0.0315728 0 0)
        (0.0319299 0 0)
        (0.0322919 0 0)
        (0.0326588 0 0)
        (0.0330306 0 0)
        (0.0334072 0 0)
        (0.0337887 0 0)
        (0.034175 0 0)
        (0.0345661 0 0)
        (0.0349621 0 0)
        (0.0353628 0 0)
        (0.0357683 0 0)
        (0.0361786 0 0)
        (0.0365936 0 0)
        (0.0370134 0 0)
        (0.0374379 0 0)
        (0.0378671 0 0)
        (0.038301 0 0)
        (0.0387396 0 0)
        (0.0391828 0 0)
        (0.0396308 0 0)
        (0.0400833 0 0)
        (0.0405405 0 0)
        (0.0410023 0 0)
        (0.0414687 0 0)
        (0.0419397 0 0)
        (0.0424153 0 0)
        (0.0428955 0 0)
        (0.0433802 0 0)
        (0.0438694 0 0)
        (0.0443631 0 0)
        (0.0448614 0 0)
        (0.0453641 0 0)
        (0.0458713 0 0)
        (0.046383 0 0)
        (0.0468991 0 0)
        (0.0474196 0 0)
        (0.0479446 0 0)
        (0.048474 0 0)
        (0.0490077 0 0)
        (0.0495458 0 0)
        (0.0500882 0 0)
        (0.050635 0 0)
        (0.0511861 0 0)
        (0.0517415 0 0)
        (0.0523011 0 0)
        (0.052865 0 0)
        (0.0534332 0 0)
        (0.0540055 0 0)
        (0.0545821 0 0)
        (0.0551628 0 0)
        (0.0557476 0 0)
        (0.0563366 0 0)
        (0.0569296 0 0)
        (0.0575268 0 0)
        (0.0581279 0 0)
        (0.0587331 0 0)
        (0.0593423 0 0)
        (0.0599554 0 0)
        (0.0605725 0 0)
        (0.0611934 0 0)
        (0.0618182 0 0)
        (0.0624468 0 0)
        (0.0630792 0 0)
        (0.0637154 0 0)
        (0.0643553 0 0)
        (0.0649988 0 0)
    );

    frequencyAxis
    {
        discretisation      cosineStretchedFrequencyAxis;
        lowerFrequencyCutoff 0.0121256;
        upperFrequencyCutoff 0.109131;
        writeSpectrum       true;
    }

    relaxationZone
    {
        relaxationScheme    Spatial;
        relaxationShape     Rectangular;
        beachType           Empty;
        relaxType           INLET;
        startX              ( 0 0 -1 );
        endX                ( 400 0 1 );
        orientation         ( 1 0 0 );
        fieldNames          ( alpha.water U );
    }
}

initCoeffs
{
    waveType            potentialCurrent;
    U                   ( 0 0 0 );
    Tsoft               54.98;
}



// ************************************************************************* //
