/*--------------------------------*- C++ -*----------------------------------*\
| =========                 |                                                 |
| \\      /  F ield         | OpenFOAM: The Open Source CFD Toolbox           |
|  \\    /   O peration     | Version:  v1912                                 |
|   \\  /    A nd           | Website:  www.openfoam.com                      |
|    \\/     M anipulation  |                                                 |
\*---------------------------------------------------------------------------*/
FoamFile
{
    version	2.0;
    format	ascii;
    class	dictionary;
    object	waveProperties;
}
// * * * * * * * * * * * * * * * * * * * * * * * * * * * * * * * * * * * * * //

seaLevel            1.96;

seaLevelAsReference true;

relaxationNames     ( inlet );

initializationName  init;

inletCoeffs
{
    waveType            irregular;
    spectrum            JONSWAP;
    N                   200;
    Tsoft               49.24;
    Hs                  5.98;
    Tp                  24.62;
    gamma               3.3;
    depth               16.96;
    direction           ( 1 0 0 );
    spectramValues  nonuniform List<scalar> 
201
(
4.66051e-40
8.56346e-33
5.24181e-27
2.34656e-22
1.37705e-18
1.64183e-15
5.54625e-13
6.84973e-11
3.76714e-09
1.07613e-07
1.80228e-06
1.94797e-05
0.0001467
0.000818684
0.00355859
0.0125464
0.0370885
0.094469
0.21206
0.427449
0.785873
1.33521
2.11966
3.17353
4.51664
6.15191
8.06556
10.2295
12.6055
15.1501
17.8203
20.5795
23.4017
26.2769
29.2127
32.2369
35.396
38.7536
42.3863
46.3787
50.8166
55.7794
61.3316
67.5128
74.3289
81.7435
89.6734
97.9878
106.514
115.051
123.382
131.298
138.616
145.189
150.925
155.78
159.763
162.921
165.336
167.108
168.347
169.164
169.665
169.941
170.072
170.121
170.133
170.133
170.129
170.112
170.065
169.966
169.786
169.492
169.042
168.393
167.495
166.298
164.751
162.804
160.411
157.535
154.148
150.236
145.801
140.863
135.46
129.651
123.509
117.125
110.595
104.023
97.5106
91.1533
85.036
79.2292
73.7872
68.7471
64.1294
59.9393
56.1688
52.7995
49.8046
47.1519
44.8055
42.728
40.8819
39.2311
37.7417
36.3831
35.1281
33.9537
32.8407
31.7741
30.7424
29.7373
28.7531
27.7864
26.8353
25.8991
24.978
24.0725
23.1836
22.3121
21.459
20.6253
19.8118
19.0191
18.2479
17.4986
16.7715
16.067
15.385
14.7257
14.089
13.4747
12.8827
12.3127
11.7644
11.2373
10.7311
10.2453
9.77941
9.33292
8.90529
8.49597
8.1044
7.72999
7.37218
7.03038
6.70401
6.39251
6.0953
5.81183
5.54154
5.2839
5.03837
4.80445
4.58164
4.36944
4.16739
3.97503
3.79193
3.61765
3.4518
3.29396
3.14378
3.00088
2.86491
2.73555
2.61247
2.49537
2.38395
2.27794
2.17708
2.0811
1.98976
1.90284
1.82011
1.74137
1.66641
1.59506
1.52712
1.46242
1.40081
1.34213
1.28623
1.23298
1.18223
1.13387
1.08778
1.04383
1.00194
0.961982
0.923874
0.887521
0.852836
0.819735
0.788141
0.75798
0.729181
)
;

    fspectrum       nonuniform List<scalar> 
201
(
0.0135391
0.0141739
0.0148083
0.0154421
0.0160748
0.0167061
0.0173356
0.0179631
0.0185881
0.0192104
0.0198296
0.0204452
0.0210571
0.0216649
0.0222682
0.0228667
0.0234601
0.024048
0.0246301
0.0252062
0.0257758
0.0263387
0.0268946
0.0274431
0.027984
0.028517
0.0290417
0.0295579
0.0300653
0.0305636
0.0310525
0.0315319
0.0320013
0.0324606
0.0329095
0.0333477
0.0337751
0.0341913
0.0345962
0.0349895
0.035371
0.0357405
0.0360979
0.0364428
0.0367751
0.0370947
0.0374013
0.0376948
0.037975
0.0382418
0.038495
0.0387345
0.0389602
0.0391718
0.0393694
0.0395528
0.0397219
0.0398766
0.0400168
0.0401425
0.0402536
0.0403499
0.0404316
0.0404984
0.0405504
0.0405876
0.0406174
0.040623
0.0406397
0.0406676
0.0407067
0.0407569
0.0408182
0.0408907
0.0409743
0.0410691
0.0411749
0.0412918
0.0414198
0.0415588
0.0417089
0.04187
0.042042
0.0422251
0.0424191
0.0426239
0.0428397
0.0430664
0.0433038
0.0435521
0.0438111
0.0440809
0.0443613
0.0446524
0.044954
0.0452663
0.0455891
0.0459223
0.046266
0.0466201
0.0469845
0.0473592
0.0477441
0.0481393
0.0485445
0.0489598
0.0493852
0.0498205
0.0502657
0.0507207
0.0511855
0.05166
0.0521442
0.0526379
0.0531412
0.0536539
0.0541759
0.0547073
0.0552479
0.0557976
0.0563565
0.0569243
0.057501
0.0580866
0.0586809
0.059284
0.0598956
0.0605157
0.0611443
0.0617812
0.0624264
0.0630797
0.0637411
0.0644105
0.0650878
0.0657729
0.0664657
0.0671661
0.067874
0.0685893
0.0693119
0.0700418
0.0707788
0.0715228
0.0722737
0.0730315
0.0737959
0.074567
0.0753445
0.0761285
0.0769187
0.0777151
0.0785175
0.0793259
0.0801402
0.0809602
0.0817858
0.0826169
0.0834534
0.0842952
0.0851421
0.0859941
0.086851
0.0877128
0.0885792
0.0894502
0.0903256
0.0912054
0.0920894
0.0929774
0.0938695
0.0947654
0.095665
0.0965682
0.0974748
0.0983849
0.0992981
0.100214
0.101134
0.102056
0.102981
0.103908
0.104838
0.105771
0.106705
0.107642
0.10858
0.109521
0.110463
0.111406
0.112351
0.113298
0.114245
0.115194
0.116143
0.117094
0.118044
0.118996
0.119948
0.1209
0.121852
)
;

    amplitude           nonuniform List<scalar>
    200
    (
        2.33151e-18
        1.82362e-15
        3.85634e-13
        2.95194e-11
        1.01851e-09
        1.87137e-08
        2.08154e-07
        1.54836e-06
        8.32512e-06
        3.43876e-05
        0.000114469
        0.00031888
        0.000765978
        0.00162505
        0.00310464
        0.00542696
        0.0087946
        0.0133583
        0.0191934
        0.0262897
        0.034554
        0.0438231
        0.053884
        0.0644945
        0.0754043
        0.0863723
        0.0971797
        0.10764
        0.117605
        0.126968
        0.135669
        0.143689
        0.151053
        0.157825
        0.164104
        0.17001
        0.175681
        0.181252
        0.186848
        0.192567
        0.198468
        0.204563
        0.21081
        0.217114
        0.223326
        0.229257
        0.234687
        0.239386
        0.243128
        0.245712
        0.246972
        0.246791
        0.245101
        0.241885
        0.237164
        0.230989
        0.223427
        0.214546
        0.2044
        0.193009
        0.180348
        0.166311
        0.150675
        0.133011
        0.112476
        0.100631
        0.0435791
        0.075479
        0.0974354
        0.115268
        0.130662
        0.144377
        0.156823
        0.168243
        0.178784
        0.188536
        0.197547
        0.205836
        0.213405
        0.220237
        0.226308
        0.231586
        0.236038
        0.239636
        0.242355
        0.244183
        0.245121
        0.245187
        0.244417
        0.242865
        0.240607
        0.237731
        0.234341
        0.230551
        0.226478
        0.222239
        0.217946
        0.213701
        0.209594
        0.205697
        0.202066
        0.198736
        0.195728
        0.193043
        0.190669
        0.18858
        0.186743
        0.185116
        0.183655
        0.182315
        0.181054
        0.179831
        0.178614
        0.177374
        0.17609
        0.174745
        0.173329
        0.171837
        0.170266
        0.168615
        0.166889
        0.16509
        0.163222
        0.161292
        0.159305
        0.157265
        0.155179
        0.153052
        0.150888
        0.148694
        0.146473
        0.144231
        0.141971
        0.139698
        0.137417
        0.13513
        0.132842
        0.130555
        0.128272
        0.125998
        0.123734
        0.121483
        0.119246
        0.117028
        0.114828
        0.11265
        0.110495
        0.108363
        0.106258
        0.104179
        0.102127
        0.100105
        0.0981116
        0.0961486
        0.0942164
        0.0923155
        0.0904461
        0.0886087
        0.0868035
        0.0850306
        0.0832901
        0.081582
        0.0799063
        0.0782629
        0.0766516
        0.0750723
        0.0735248
        0.0720087
        0.0705239
        0.0690699
        0.0676464
        0.0662531
        0.0648896
        0.0635553
        0.06225
        0.0609732
        0.0597243
        0.058503
        0.0573088
        0.0561412
        0.0549998
        0.0538839
        0.0527932
        0.0517271
        0.0506852
        0.049667
        0.048672
        0.0476996
        0.0467495
        0.0458211
        0.044914
        0.0440277
        0.0431617
        0.0423156
        0.0414889
        0.0406812
        0.0398921
        0.039121
        0.0383677
        0.0376316
    );
    frequency           nonuniform List<scalar>
    200
    (
        0.0138565
        0.0144911
        0.0151252
        0.0157584
        0.0163904
        0.0170209
        0.0176494
        0.0182756
        0.0188993
        0.01952
        0.0201374
        0.0207512
        0.021361
        0.0219665
        0.0225674
        0.0231634
        0.023754
        0.024339
        0.0249181
        0.025491
        0.0260573
        0.0266166
        0.0271688
        0.0277136
        0.0282505
        0.0287793
        0.0292998
        0.0298116
        0.0303144
        0.0308081
        0.0312922
        0.0317666
        0.0322309
        0.032685
        0.0331286
        0.0335614
        0.0339832
        0.0343938
        0.0347929
        0.0351803
        0.0355558
        0.0359192
        0.0362703
        0.036609
        0.0369349
        0.037248
        0.037548
        0.0378349
        0.0381084
        0.0383684
        0.0386148
        0.0388473
        0.039066
        0.0392706
        0.0394611
        0.0396374
        0.0397993
        0.0399467
        0.0400797
        0.040198
        0.0403017
        0.0403907
        0.040465
        0.0405244
        0.040569
        0.0406025
        0.0406202
        0.0406313
        0.0406537
        0.0406871
        0.0407318
        0.0407876
        0.0408545
        0.0409325
        0.0410217
        0.041122
        0.0412333
        0.0413558
        0.0414893
        0.0416338
        0.0417894
        0.041956
        0.0421336
        0.0423221
        0.0425215
        0.0427318
        0.0429531
        0.0431851
        0.043428
        0.0436816
        0.043946
        0.0442211
        0.0445068
        0.0448032
        0.0451102
        0.0454277
        0.0457557
        0.0460942
        0.0464431
        0.0468023
        0.0471719
        0.0475517
        0.0479417
        0.0483419
        0.0487522
        0.0491725
        0.0496028
        0.0500431
        0.0504932
        0.0509531
        0.0514228
        0.0519021
        0.0523911
        0.0528896
        0.0533975
        0.0539149
        0.0544416
        0.0549776
        0.0555228
        0.056077
        0.0566404
        0.0572126
        0.0577938
        0.0583838
        0.0589825
        0.0595898
        0.0602057
        0.06083
        0.0614628
        0.0621038
        0.062753
        0.0634104
        0.0640758
        0.0647491
        0.0654303
        0.0661193
        0.0668159
        0.06752
        0.0682316
        0.0689506
        0.0696769
        0.0704103
        0.0711508
        0.0718983
        0.0726526
        0.0734137
        0.0741814
        0.0749557
        0.0757365
        0.0765236
        0.0773169
        0.0781163
        0.0789217
        0.0797331
        0.0805502
        0.081373
        0.0822013
        0.0830352
        0.0838743
        0.0847187
        0.0855681
        0.0864226
        0.0872819
        0.088146
        0.0890147
        0.0898879
        0.0907655
        0.0916474
        0.0925334
        0.0934234
        0.0943174
        0.0952152
        0.0961166
        0.0970215
        0.0979299
        0.0988415
        0.0997563
        0.100674
        0.101595
        0.102518
        0.103445
        0.104373
        0.105304
        0.106238
        0.107173
        0.108111
        0.10905
        0.109992
        0.110934
        0.111879
        0.112824
        0.113771
        0.114719
        0.115669
        0.116618
        0.117569
        0.11852
        0.119472
        0.120424
        0.121376
    );
    phaselag            nonuniform List<scalar>
    200
    (
        1.12089
        2.51125
        1.04677
        1.3328
        0.389154
        0.340234
        1.73206
        0.300068
        2.01711
        1.71364
        2.31056
        1.39717
        1.38015
        1.26755
        0.277187
        2.16091
        4.06933
        0.939111
        0.186408
        5.51974
        4.11812
        3.31528
        3.17839
        5.75346
        1.18177
        0.748679
        0.365033
        4.52345
        4.00575
        5.53452
        2.58905
        5.12664
        1.76258
        3.63582
        0.176257
        2.15173
        3.97605
        1.90831
        2.4518
        5.99316
        3.62195
        4.76236
        1.10715
        5.0021
        6.02991
        1.38434
        0.879825
        3.81606
        2.32345
        1.06623
        3.05261
        0.158378
        4.38152
        6.231
        5.91184
        5.56329
        0.696498
        6.27687
        3.80355
        4.70225
        5.52821
        0.109411
        3.5457
        1.0076
        3.74523
        3.72196
        3.15933
        1.4381
        5.63028
        5.61114
        1.14807
        2.96904
        4.09031
        2.25522
        1.68795
        3.83704
        3.63956
        2.56778
        1.36991
        5.963
        3.63401
        4.42252
        6.12138
        1.73234
        4.37034
        5.75004
        1.01244
        5.06684
        5.74372
        4.81599
        3.4859
        4.98874
        4.92541
        0.748423
        5.99634
        2.38745
        4.47038
        2.87249
        3.82554
        3.81748
        2.20044
        4.97362
        0.503333
        0.00756762
        0.945652
        2.19129
        3.84461
        4.58521
        4.75906
        5.21452
        4.26503
        2.10989
        3.35386
        4.10322
        3.84223
        1.44102
        3.57007
        4.85467
        0.224672
        3.03061
        3.38748
        3.71058
        1.73617
        2.0297
        4.459
        1.44932
        4.41715
        2.6462
        4.32181
        1.95951
        0.180489
        0.23907
        0.649941
        0.683822
        0.246637
        1.59559
        2.87511
        4.09125
        6.1808
        1.35099
        3.02258
        4.16264
        3.46087
        0.0932557
        1.98268
        1.01992
        1.53427
        5.55275
        5.87459
        1.75895
        2.30018
        2.97889
        5.46952
        4.03634
        5.00859
        3.64533
        5.48566
        3.14256
        0.0083477
        3.52429
        5.10206
        0.188836
        3.76336
        5.75201
        0.872658
        4.01
        1.06441
        3.74777
        1.81806
        0.96203
        5.09875
        4.84064
        5.12467
        2.27644
        4.93389
        0.824169
        3.29636
        0.184981
        0.0937355
        2.88776
        1.94393
        2.39391
        5.86665
        1.13026
        0.147066
        4.59205
        4.7756
        5.63273
        1.45142
        4.78395
        2.87383
        0.270303
        4.97278
        0.354007
        6.02231
        5.84544
        4.364
        0.803537
        3.31002
        6.18206
    );
    waveNumber          nonuniform List<vector>
    200
    (
        (0.00676451 0 0)
        (0.00707577 0 0)
        (0.00738696 0 0)
        (0.00769794 0 0)
        (0.00800852 0 0)
        (0.00831855 0 0)
        (0.00862787 0 0)
        (0.00893631 0 0)
        (0.00924371 0 0)
        (0.00954991 0 0)
        (0.00985473 0 0)
        (0.010158 0 0)
        (0.0104596 0 0)
        (0.0107593 0 0)
        (0.0110571 0 0)
        (0.0113526 0 0)
        (0.0116458 0 0)
        (0.0119364 0 0)
        (0.0122244 0 0)
        (0.0125096 0 0)
        (0.0127918 0 0)
        (0.0130708 0 0)
        (0.0133465 0 0)
        (0.0136188 0 0)
        (0.0138874 0 0)
        (0.0141523 0 0)
        (0.0144133 0 0)
        (0.0146701 0 0)
        (0.0149228 0 0)
        (0.0151711 0 0)
        (0.0154148 0 0)
        (0.0156539 0 0)
        (0.0158882 0 0)
        (0.0161175 0 0)
        (0.0163417 0 0)
        (0.0165607 0 0)
        (0.0167744 0 0)
        (0.0169826 0 0)
        (0.0171851 0 0)
        (0.0173819 0 0)
        (0.0175728 0 0)
        (0.0177578 0 0)
        (0.0179366 0 0)
        (0.0181093 0 0)
        (0.0182756 0 0)
        (0.0184355 0 0)
        (0.0185888 0 0)
        (0.0187355 0 0)
        (0.0188755 0 0)
        (0.0190087 0 0)
        (0.0191349 0 0)
        (0.0192542 0 0)
        (0.0193664 0 0)
        (0.0194715 0 0)
        (0.0195693 0 0)
        (0.0196599 0 0)
        (0.0197432 0 0)
        (0.019819 0 0)
        (0.0198875 0 0)
        (0.0199484 0 0)
        (0.0200018 0 0)
        (0.0200476 0 0)
        (0.0200859 0 0)
        (0.0201165 0 0)
        (0.0201395 0 0)
        (0.0201568 0 0)
        (0.0201659 0 0)
        (0.0201716 0 0)
        (0.0201831 0 0)
        (0.0202004 0 0)
        (0.0202234 0 0)
        (0.0202522 0 0)
        (0.0202867 0 0)
        (0.020327 0 0)
        (0.020373 0 0)
        (0.0204247 0 0)
        (0.0204822 0 0)
        (0.0205455 0 0)
        (0.0206145 0 0)
        (0.0206892 0 0)
        (0.0207696 0 0)
        (0.0208558 0 0)
        (0.0209477 0 0)
        (0.0210453 0 0)
        (0.0211487 0 0)
        (0.0212577 0 0)
        (0.0213725 0 0)
        (0.021493 0 0)
        (0.0216192 0 0)
        (0.021751 0 0)
        (0.0218886 0 0)
        (0.0220319 0 0)
        (0.0221808 0 0)
        (0.0223354 0 0)
        (0.0224957 0 0)
        (0.0226616 0 0)
        (0.0228333 0 0)
        (0.0230105 0 0)
        (0.0231935 0 0)
        (0.023382 0 0)
        (0.0235763 0 0)
        (0.0237761 0 0)
        (0.0239816 0 0)
        (0.0241927 0 0)
        (0.0244095 0 0)
        (0.0246318 0 0)
        (0.0248598 0 0)
        (0.0250934 0 0)
        (0.0253326 0 0)
        (0.0255774 0 0)
        (0.0258277 0 0)
        (0.0260837 0 0)
        (0.0263453 0 0)
        (0.0266124 0 0)
        (0.0268852 0 0)
        (0.0271635 0 0)
        (0.0274474 0 0)
        (0.0277368 0 0)
        (0.0280319 0 0)
        (0.0283325 0 0)
        (0.0286387 0 0)
        (0.0289504 0 0)
        (0.0292677 0 0)
        (0.0295906 0 0)
        (0.0299191 0 0)
        (0.0302531 0 0)
        (0.0305927 0 0)
        (0.0309378 0 0)
        (0.0312885 0 0)
        (0.0316448 0 0)
        (0.0320067 0 0)
        (0.0323742 0 0)
        (0.0327472 0 0)
        (0.0331258 0 0)
        (0.03351 0 0)
        (0.0338998 0 0)
        (0.0342952 0 0)
        (0.0346962 0 0)
        (0.0351028 0 0)
        (0.0355151 0 0)
        (0.0359329 0 0)
        (0.0363564 0 0)
        (0.0367856 0 0)
        (0.0372203 0 0)
        (0.0376608 0 0)
        (0.0381069 0 0)
        (0.0385587 0 0)
        (0.0390162 0 0)
        (0.0394794 0 0)
        (0.0399483 0 0)
        (0.0404229 0 0)
        (0.0409033 0 0)
        (0.0413894 0 0)
        (0.0418813 0 0)
        (0.0423789 0 0)
        (0.0428824 0 0)
        (0.0433916 0 0)
        (0.0439067 0 0)
        (0.0444277 0 0)
        (0.0449545 0 0)
        (0.0454871 0 0)
        (0.0460257 0 0)
        (0.0465701 0 0)
        (0.0471205 0 0)
        (0.0476768 0 0)
        (0.0482391 0 0)
        (0.0488073 0 0)
        (0.0493815 0 0)
        (0.0499618 0 0)
        (0.050548 0 0)
        (0.0511404 0 0)
        (0.0517387 0 0)
        (0.0523432 0 0)
        (0.0529537 0 0)
        (0.0535704 0 0)
        (0.0541932 0 0)
        (0.0548221 0 0)
        (0.0554572 0 0)
        (0.0560984 0 0)
        (0.0567459 0 0)
        (0.0573995 0 0)
        (0.0580594 0 0)
        (0.0587255 0 0)
        (0.0593978 0 0)
        (0.0600764 0 0)
        (0.0607612 0 0)
        (0.0614522 0 0)
        (0.0621496 0 0)
        (0.0628532 0 0)
        (0.0635631 0 0)
        (0.0642792 0 0)
        (0.0650017 0 0)
        (0.0657304 0 0)
        (0.0664653 0 0)
        (0.0672065 0 0)
        (0.067954 0 0)
        (0.0687077 0 0)
        (0.0694677 0 0)
        (0.0702338 0 0)
        (0.0710061 0 0)
    );

    frequencyAxis
    {
        discretisation      cosineStretchedFrequencyAxis;
        lowerFrequencyCutoff 0.0135391;
        upperFrequencyCutoff 0.121852;
        writeSpectrum       true;
    }

    relaxationZone
    {
        relaxationScheme    Spatial;
        relaxationShape     Rectangular;
        beachType           Empty;
        relaxType           INLET;
        startX              ( 0 0 -1 );
        endX                ( 400 0 1 );
        orientation         ( 1 0 0 );
        fieldNames          ( alpha.water U );
    }
}

initCoeffs
{
    waveType            potentialCurrent;
    U                   ( 0 0 0 );
    Tsoft               49.24;
}



// ************************************************************************* //
