/*--------------------------------*- C++ -*----------------------------------*\
| =========                 |                                                 |
| \\      /  F ield         | OpenFOAM: The Open Source CFD Toolbox           |
|  \\    /   O peration     | Version:  v1912                                 |
|   \\  /    A nd           | Website:  www.openfoam.com                      |
|    \\/     M anipulation  |                                                 |
\*---------------------------------------------------------------------------*/
FoamFile
{
    version	2.0;
    format	ascii;
    class	dictionary;
    object	waveProperties;
}
// * * * * * * * * * * * * * * * * * * * * * * * * * * * * * * * * * * * * * //

seaLevel            1.32;

seaLevelAsReference true;

relaxationNames     ( inlet );

initializationName  init;

inletCoeffs
{
    waveType            irregular;
    spectrum            JONSWAP;
    N                   200;
    Tsoft               12.56;
    Hs                  3.06;
    Tp                  6.28;
    gamma               3.3;
    depth               16.32;
    direction           ( 1 0 0 );
    spectramValues  nonuniform List<scalar> 
201
(
3.11276e-41
5.71954e-34
3.50101e-28
1.56727e-23
9.19731e-20
1.09658e-16
3.70434e-14
4.57494e-12
2.51607e-10
7.18745e-09
1.20375e-07
1.30105e-06
9.79811e-06
5.468e-05
0.000237678
0.000837973
0.00247715
0.00630959
0.0141635
0.0285494
0.0524885
0.0891789
0.141572
0.21196
0.301667
0.410887
0.5387
0.683231
0.841922
1.01187
1.19022
1.3745
1.563
1.75503
1.95112
2.15311
2.3641
2.58836
2.83099
3.09764
3.39404
3.72551
4.09634
4.50919
4.96443
5.45966
5.98929
6.54462
7.11411
7.68427
8.2407
8.76943
9.25814
9.69721
10.0803
10.4046
10.6706
10.8815
11.0428
11.1612
11.2439
11.2985
11.3319
11.3504
11.3592
11.3624
11.3632
11.3632
11.3629
11.3618
11.3586
11.352
11.34
11.3204
11.2903
11.247
11.187
11.1071
11.0037
10.8737
10.7139
10.5218
10.2956
10.0343
9.73807
9.40823
9.04738
8.65938
8.2492
7.82277
7.38665
6.94771
6.51275
6.08814
5.67956
5.29172
4.92825
4.59163
4.28321
4.00335
3.75152
3.52648
3.32646
3.14928
2.99256
2.85381
2.73051
2.62025
2.52077
2.43003
2.34621
2.26777
2.19343
2.1222
2.05329
1.98616
1.92042
1.85585
1.79233
1.7298
1.66828
1.60781
1.54843
1.49023
1.43325
1.37757
1.32323
1.27029
1.21878
1.16873
1.12017
1.07311
1.02756
0.983529
0.941003
0.899977
0.860438
0.822367
0.785743
0.75054
0.716731
0.684284
0.653168
0.623347
0.594785
0.567447
0.541294
0.516287
0.492388
0.46956
0.447762
0.426956
0.407106
0.388172
0.37012
0.352912
0.336513
0.32089
0.306008
0.291835
0.27834
0.265493
0.253263
0.241623
0.230546
0.220004
0.209973
0.200429
0.191348
0.182708
0.174487
0.166666
0.159224
0.152144
0.145407
0.138997
0.132896
0.127091
0.121565
0.116306
0.1113
0.106534
0.101996
0.0976754
0.0935604
0.0896411
0.0859076
0.0823507
0.0789614
0.0757314
0.0726527
0.0697178
0.0669194
0.0642509
0.0617057
0.0592776
0.056961
0.0547502
0.05264
0.0506256
0.0487021
)
;

    fspectrum       nonuniform List<scalar> 
201
(
0.0530786
0.0555672
0.0580544
0.0605389
0.0630193
0.0654942
0.0679623
0.0704222
0.0728726
0.0753121
0.0777394
0.0801532
0.082552
0.0849347
0.0872998
0.0896462
0.0919724
0.0942773
0.0965595
0.0988178
0.101051
0.103258
0.105437
0.107587
0.109708
0.111797
0.113854
0.115878
0.117867
0.119821
0.121738
0.123617
0.125457
0.127258
0.129018
0.130736
0.132411
0.134043
0.13563
0.137172
0.138668
0.140117
0.141517
0.14287
0.144173
0.145425
0.146627
0.147778
0.148877
0.149922
0.150915
0.151854
0.152739
0.153569
0.154343
0.155062
0.155725
0.156332
0.156881
0.157374
0.157809
0.158187
0.158507
0.158769
0.158973
0.159119
0.159236
0.159258
0.159323
0.159433
0.159586
0.159783
0.160023
0.160307
0.160635
0.161006
0.161421
0.16188
0.162381
0.162926
0.163515
0.164146
0.164821
0.165538
0.166299
0.167102
0.167948
0.168837
0.169768
0.170741
0.171756
0.172814
0.173913
0.175054
0.176237
0.177461
0.178727
0.180033
0.18138
0.182769
0.184197
0.185666
0.187175
0.188724
0.190313
0.191941
0.193609
0.195315
0.197061
0.198845
0.200667
0.202527
0.204425
0.206361
0.208334
0.210344
0.21239
0.214474
0.216593
0.218748
0.220939
0.223165
0.225426
0.227722
0.230052
0.232416
0.234814
0.237245
0.239709
0.242206
0.244735
0.247297
0.24989
0.252514
0.255169
0.257855
0.260571
0.263317
0.266092
0.268896
0.271729
0.274591
0.27748
0.280397
0.283341
0.286311
0.289308
0.292331
0.295379
0.298453
0.301551
0.304673
0.307819
0.310988
0.31418
0.317395
0.320632
0.32389
0.327169
0.330469
0.33379
0.33713
0.340489
0.343868
0.347264
0.350679
0.354111
0.35756
0.361025
0.364507
0.368004
0.371516
0.375043
0.378584
0.382139
0.385706
0.389287
0.392879
0.396483
0.400098
0.403724
0.407361
0.411006
0.414661
0.418325
0.421997
0.425676
0.429363
0.433056
0.436755
0.44046
0.44417
0.447885
0.451604
0.455326
0.459052
0.46278
0.46651
0.470241
0.473974
0.477707
)
;

    amplitude           nonuniform List<scalar>
    200
    (
        1.19305e-18
        9.33157e-16
        1.97331e-13
        1.51052e-11
        5.21175e-10
        9.57589e-09
        1.06514e-07
        7.92305e-07
        4.26001e-06
        1.75963e-05
        5.85744e-05
        0.000163173
        0.000391956
        0.000831547
        0.00158866
        0.00277701
        0.00450025
        0.00683551
        0.00982138
        0.0134526
        0.0176815
        0.0224245
        0.0275727
        0.0330022
        0.0385848
        0.0441972
        0.0497274
        0.0550799
        0.0601791
        0.0649705
        0.0694226
        0.0735263
        0.0772945
        0.08076
        0.0839727
        0.0869951
        0.0898967
        0.0927476
        0.0956112
        0.0985375
        0.101557
        0.104676
        0.107873
        0.111098
        0.114277
        0.117312
        0.120091
        0.122495
        0.12441
        0.125732
        0.126377
        0.126284
        0.12542
        0.123774
        0.121358
        0.118198
        0.114329
        0.109785
        0.104592
        0.0987639
        0.0922849
        0.0851021
        0.0771013
        0.0680627
        0.0575545
        0.0514936
        0.0222997
        0.038623
        0.0498583
        0.0589835
        0.0668605
        0.0738783
        0.0802471
        0.0860908
        0.091485
        0.096475
        0.101086
        0.105328
        0.1092
        0.112697
        0.115803
        0.118504
        0.120782
        0.122623
        0.124015
        0.12495
        0.12543
        0.125464
        0.125069
        0.124276
        0.12312
        0.121648
        0.119914
        0.117974
        0.11589
        0.113721
        0.111524
        0.109352
        0.10725
        0.105256
        0.103398
        0.101695
        0.100155
        0.0987814
        0.0975664
        0.0964977
        0.0955575
        0.0947249
        0.0939773
        0.0932918
        0.0926462
        0.0920207
        0.0913978
        0.0907633
        0.0901061
        0.0894179
        0.0886936
        0.08793
        0.0871259
        0.0862814
        0.0853979
        0.0844773
        0.0835218
        0.0825342
        0.0815172
        0.0804735
        0.079406
        0.0783174
        0.0772103
        0.0760874
        0.074951
        0.0738036
        0.0726474
        0.0714845
        0.070317
        0.0691468
        0.0679758
        0.0668055
        0.0656377
        0.0644738
        0.0633153
        0.0621633
        0.0610191
        0.0598838
        0.0587584
        0.0576438
        0.0565408
        0.0554502
        0.0543726
        0.0533088
        0.0522591
        0.0512242
        0.0502043
        0.0491998
        0.0482111
        0.0472384
        0.0462818
        0.0453416
        0.0444179
        0.0435106
        0.04262
        0.041746
        0.0408885
        0.0400476
        0.0392231
        0.0384149
        0.0376231
        0.0368473
        0.0360875
        0.0353435
        0.0346151
        0.0339021
        0.0332044
        0.0325216
        0.0318537
        0.0312003
        0.0305613
        0.0299363
        0.0293253
        0.0287278
        0.0281437
        0.0275727
        0.0270146
        0.0264691
        0.0259359
        0.0254149
        0.0249057
        0.0244082
        0.023922
        0.0234469
        0.0229828
        0.0225292
        0.0220861
        0.0216531
        0.0212301
        0.0208168
        0.020413
        0.0200185
        0.019633
        0.0192563
    );
    frequency           nonuniform List<scalar>
    200
    (
        0.0543229
        0.0568108
        0.0592966
        0.0617791
        0.0642567
        0.0667282
        0.0691923
        0.0716474
        0.0740924
        0.0765258
        0.0789463
        0.0813526
        0.0837433
        0.0861172
        0.088473
        0.0908093
        0.0931248
        0.0954184
        0.0976886
        0.0999344
        0.102154
        0.104347
        0.106512
        0.108648
        0.110753
        0.112826
        0.114866
        0.116873
        0.118844
        0.120779
        0.122677
        0.124537
        0.126358
        0.128138
        0.129877
        0.131574
        0.133227
        0.134837
        0.136401
        0.13792
        0.139392
        0.140817
        0.142194
        0.143521
        0.144799
        0.146026
        0.147203
        0.148327
        0.149399
        0.150419
        0.151385
        0.152296
        0.153154
        0.153956
        0.154703
        0.155394
        0.156028
        0.156606
        0.157128
        0.157592
        0.157998
        0.158347
        0.158638
        0.158871
        0.159046
        0.159177
        0.159247
        0.15929
        0.159378
        0.159509
        0.159684
        0.159903
        0.160165
        0.160471
        0.160821
        0.161214
        0.16165
        0.16213
        0.162654
        0.163221
        0.163831
        0.164484
        0.16518
        0.165919
        0.166701
        0.167525
        0.168392
        0.169302
        0.170254
        0.171249
        0.172285
        0.173363
        0.174484
        0.175646
        0.176849
        0.178094
        0.17938
        0.180707
        0.182075
        0.183483
        0.184932
        0.186421
        0.18795
        0.189519
        0.191127
        0.192775
        0.194462
        0.196188
        0.197953
        0.199756
        0.201597
        0.203476
        0.205393
        0.207347
        0.209339
        0.211367
        0.213432
        0.215533
        0.21767
        0.219843
        0.222052
        0.224295
        0.226574
        0.228887
        0.231234
        0.233615
        0.236029
        0.238477
        0.240957
        0.243471
        0.246016
        0.248593
        0.251202
        0.253841
        0.256512
        0.259213
        0.261944
        0.264704
        0.267494
        0.270313
        0.27316
        0.276035
        0.278938
        0.281869
        0.284826
        0.28781
        0.29082
        0.293855
        0.296916
        0.300002
        0.303112
        0.306246
        0.309403
        0.312584
        0.315788
        0.319013
        0.322261
        0.32553
        0.328819
        0.33213
        0.33546
        0.33881
        0.342178
        0.345566
        0.348972
        0.352395
        0.355835
        0.359293
        0.362766
        0.366256
        0.36976
        0.37328
        0.376814
        0.380361
        0.383922
        0.387496
        0.391083
        0.394681
        0.398291
        0.401911
        0.405542
        0.409183
        0.412834
        0.416493
        0.420161
        0.423836
        0.427519
        0.431209
        0.434905
        0.438608
        0.442315
        0.446028
        0.449744
        0.453465
        0.457189
        0.460916
        0.464645
        0.468375
        0.472108
        0.47584
    );
    phaselag            nonuniform List<scalar>
    200
    (
        1.12089
        2.51125
        1.04677
        1.3328
        0.389154
        0.340234
        1.73206
        0.300068
        2.01711
        1.71364
        2.31056
        1.39717
        1.38015
        1.26755
        0.277187
        2.16091
        4.06933
        0.939111
        0.186408
        5.51974
        4.11812
        3.31528
        3.17839
        5.75346
        1.18177
        0.748679
        0.365033
        4.52345
        4.00575
        5.53452
        2.58905
        5.12664
        1.76258
        3.63582
        0.176257
        2.15173
        3.97605
        1.90831
        2.4518
        5.99316
        3.62195
        4.76236
        1.10715
        5.0021
        6.02991
        1.38434
        0.879825
        3.81606
        2.32345
        1.06623
        3.05261
        0.158378
        4.38152
        6.231
        5.91184
        5.56329
        0.696498
        6.27687
        3.80355
        4.70225
        5.52821
        0.109411
        3.5457
        1.0076
        3.74523
        3.72196
        3.15933
        1.4381
        5.63028
        5.61114
        1.14807
        2.96904
        4.09031
        2.25522
        1.68795
        3.83704
        3.63956
        2.56778
        1.36991
        5.963
        3.63401
        4.42252
        6.12138
        1.73234
        4.37034
        5.75004
        1.01244
        5.06684
        5.74372
        4.81599
        3.4859
        4.98874
        4.92541
        0.748423
        5.99634
        2.38745
        4.47038
        2.87249
        3.82554
        3.81748
        2.20044
        4.97362
        0.503333
        0.00756762
        0.945652
        2.19129
        3.84461
        4.58521
        4.75906
        5.21452
        4.26503
        2.10989
        3.35386
        4.10322
        3.84223
        1.44102
        3.57007
        4.85467
        0.224672
        3.03061
        3.38748
        3.71058
        1.73617
        2.0297
        4.459
        1.44932
        4.41715
        2.6462
        4.32181
        1.95951
        0.180489
        0.23907
        0.649941
        0.683822
        0.246637
        1.59559
        2.87511
        4.09125
        6.1808
        1.35099
        3.02258
        4.16264
        3.46087
        0.0932557
        1.98268
        1.01992
        1.53427
        5.55275
        5.87459
        1.75895
        2.30018
        2.97889
        5.46952
        4.03634
        5.00859
        3.64533
        5.48566
        3.14256
        0.0083477
        3.52429
        5.10206
        0.188836
        3.76336
        5.75201
        0.872658
        4.01
        1.06441
        3.74777
        1.81806
        0.96203
        5.09875
        4.84064
        5.12467
        2.27644
        4.93389
        0.824169
        3.29636
        0.184981
        0.0937355
        2.88776
        1.94393
        2.39391
        5.86665
        1.13026
        0.147066
        4.59205
        4.7756
        5.63273
        1.45142
        4.78395
        2.87383
        0.270303
        4.97278
        0.354007
        6.02231
        5.84544
        4.364
        0.803537
        3.31002
        6.18206
    );
    waveNumber          nonuniform List<vector>
    200
    (
        (0.0278784 0 0)
        (0.0292471 0 0)
        (0.0306277 0 0)
        (0.0320201 0 0)
        (0.0334242 0 0)
        (0.0348399 0 0)
        (0.036267 0 0)
        (0.0377054 0 0)
        (0.0391549 0 0)
        (0.0406153 0 0)
        (0.0420864 0 0)
        (0.0435678 0 0)
        (0.0450592 0 0)
        (0.0465603 0 0)
        (0.0480706 0 0)
        (0.0495897 0 0)
        (0.0511171 0 0)
        (0.0526521 0 0)
        (0.0541942 0 0)
        (0.0557426 0 0)
        (0.0572965 0 0)
        (0.0588552 0 0)
        (0.0604177 0 0)
        (0.061983 0 0)
        (0.06355 0 0)
        (0.0651176 0 0)
        (0.0666845 0 0)
        (0.0682494 0 0)
        (0.069811 0 0)
        (0.0713677 0 0)
        (0.072918 0 0)
        (0.0744603 0 0)
        (0.0759929 0 0)
        (0.0775139 0 0)
        (0.0790215 0 0)
        (0.0805139 0 0)
        (0.081989 0 0)
        (0.0834448 0 0)
        (0.0848792 0 0)
        (0.0862903 0 0)
        (0.0876757 0 0)
        (0.0890334 0 0)
        (0.0903611 0 0)
        (0.0916568 0 0)
        (0.0929182 0 0)
        (0.0941431 0 0)
        (0.0953295 0 0)
        (0.0964752 0 0)
        (0.097578 0 0)
        (0.0986361 0 0)
        (0.0996474 0 0)
        (0.10061 0 0)
        (0.101522 0 0)
        (0.102382 0 0)
        (0.103188 0 0)
        (0.103938 0 0)
        (0.104631 0 0)
        (0.105265 0 0)
        (0.10584 0 0)
        (0.106354 0 0)
        (0.106807 0 0)
        (0.107196 0 0)
        (0.107521 0 0)
        (0.107783 0 0)
        (0.107979 0 0)
        (0.108127 0 0)
        (0.108205 0 0)
        (0.108254 0 0)
        (0.108353 0 0)
        (0.108501 0 0)
        (0.108698 0 0)
        (0.108946 0 0)
        (0.109243 0 0)
        (0.109591 0 0)
        (0.109989 0 0)
        (0.110439 0 0)
        (0.11094 0 0)
        (0.111493 0 0)
        (0.112099 0 0)
        (0.112757 0 0)
        (0.11347 0 0)
        (0.114237 0 0)
        (0.115059 0 0)
        (0.115938 0 0)
        (0.116873 0 0)
        (0.117866 0 0)
        (0.118918 0 0)
        (0.12003 0 0)
        (0.121203 0 0)
        (0.122437 0 0)
        (0.123735 0 0)
        (0.125097 0 0)
        (0.126525 0 0)
        (0.128019 0 0)
        (0.129582 0 0)
        (0.131214 0 0)
        (0.132917 0 0)
        (0.134692 0 0)
        (0.136542 0 0)
        (0.138467 0 0)
        (0.140468 0 0)
        (0.142548 0 0)
        (0.144708 0 0)
        (0.14695 0 0)
        (0.149274 0 0)
        (0.151684 0 0)
        (0.154179 0 0)
        (0.156763 0 0)
        (0.159436 0 0)
        (0.1622 0 0)
        (0.165056 0 0)
        (0.168006 0 0)
        (0.171052 0 0)
        (0.174195 0 0)
        (0.177436 0 0)
        (0.180777 0 0)
        (0.184219 0 0)
        (0.187764 0 0)
        (0.191413 0 0)
        (0.195166 0 0)
        (0.199026 0 0)
        (0.202994 0 0)
        (0.207071 0 0)
        (0.211257 0 0)
        (0.215555 0 0)
        (0.219965 0 0)
        (0.224488 0 0)
        (0.229126 0 0)
        (0.233879 0 0)
        (0.238749 0 0)
        (0.243737 0 0)
        (0.248844 0 0)
        (0.25407 0 0)
        (0.259417 0 0)
        (0.264886 0 0)
        (0.270477 0 0)
        (0.276193 0 0)
        (0.282033 0 0)
        (0.287999 0 0)
        (0.294092 0 0)
        (0.300312 0 0)
        (0.306661 0 0)
        (0.31314 0 0)
        (0.31975 0 0)
        (0.32649 0 0)
        (0.333364 0 0)
        (0.34037 0 0)
        (0.34751 0 0)
        (0.354786 0 0)
        (0.362197 0 0)
        (0.369744 0 0)
        (0.377428 0 0)
        (0.385251 0 0)
        (0.393212 0 0)
        (0.401312 0 0)
        (0.409552 0 0)
        (0.417933 0 0)
        (0.426454 0 0)
        (0.435117 0 0)
        (0.443922 0 0)
        (0.452868 0 0)
        (0.461958 0 0)
        (0.47119 0 0)
        (0.480565 0 0)
        (0.490084 0 0)
        (0.499747 0 0)
        (0.509553 0 0)
        (0.519502 0 0)
        (0.529596 0 0)
        (0.539833 0 0)
        (0.550214 0 0)
        (0.560738 0 0)
        (0.571405 0 0)
        (0.582215 0 0)
        (0.593168 0 0)
        (0.604263 0 0)
        (0.6155 0 0)
        (0.626879 0 0)
        (0.638398 0 0)
        (0.650057 0 0)
        (0.661856 0 0)
        (0.673793 0 0)
        (0.685869 0 0)
        (0.698082 0 0)
        (0.71043 0 0)
        (0.722915 0 0)
        (0.735533 0 0)
        (0.748284 0 0)
        (0.761168 0 0)
        (0.774182 0 0)
        (0.787326 0 0)
        (0.800597 0 0)
        (0.813996 0 0)
        (0.827519 0 0)
        (0.841166 0 0)
        (0.854936 0 0)
        (0.868825 0 0)
        (0.882834 0 0)
        (0.896959 0 0)
        (0.911199 0 0)
    );

    frequencyAxis
    {
        discretisation      cosineStretchedFrequencyAxis;
        lowerFrequencyCutoff 0.0530786;
        upperFrequencyCutoff 0.477707;
        writeSpectrum       true;
    }

    relaxationZone
    {
        relaxationScheme    Spatial;
        relaxationShape     Rectangular;
        beachType           Empty;
        relaxType           INLET;
        startX              ( 0 0 -1 );
        endX                ( 400 0 1 );
        orientation         ( 1 0 0 );
        fieldNames          ( alpha.water U );
    }
}

initCoeffs
{
    waveType            potentialCurrent;
    U                   ( 0 0 0 );
    Tsoft               12.56;
}



// ************************************************************************* //
