/*--------------------------------*- C++ -*----------------------------------*\
| =========                 |                                                 |
| \\      /  F ield         | OpenFOAM: The Open Source CFD Toolbox           |
|  \\    /   O peration     | Version:  v1912                                 |
|   \\  /    A nd           | Website:  www.openfoam.com                      |
|    \\/     M anipulation  |                                                 |
\*---------------------------------------------------------------------------*/
FoamFile
{
    version	2.0;
    format	ascii;
    class	dictionary;
    object	waveProperties;
}
// * * * * * * * * * * * * * * * * * * * * * * * * * * * * * * * * * * * * * //

seaLevel            -0.17;

seaLevelAsReference true;

relaxationNames     ( inlet );

initializationName  init;

inletCoeffs
{
    waveType            irregular;
    spectrum            JONSWAP;
    N                   200;
    Tsoft               15.18;
    Hs                  4.19;
    Tp                  7.59;
    gamma               3.3;
    depth               14.83;
    direction           ( 1 0 0 );
    spectramValues  nonuniform List<scalar> 
201
(
7.05364e-41
1.04106e-33
5.58346e-28
2.3197e-23
1.31227e-19
1.54631e-16
5.24636e-14
6.57416e-12
3.69113e-10
1.08016e-08
1.85623e-07
2.0595e-06
1.59154e-05
9.10625e-05
0.00040535
0.00146157
0.00441247
0.0114618
0.0262023
0.0537151
0.100309
0.172899
0.278146
0.42156
0.606762
0.835034
1.10523
1.414
1.75629
2.12601
2.51684
2.92294
3.33979
3.7648
4.19781
4.6414
5.10095
5.58443
6.102
6.66539
7.28705
7.97915
8.7525
9.61518
10.5713
11.6195
12.7524
13.9555
15.2079
16.4831
17.751
18.9803
20.1415
21.2091
22.1637
22.9932
23.693
24.2654
24.7184
25.0642
25.3175
25.4946
25.6113
25.6826
25.7221
25.7408
25.7478
25.7495
25.7495
25.7488
25.7461
25.7388
25.7234
25.6954
25.6495
25.5794
25.4781
25.3383
25.1518
24.9109
24.6079
24.2358
23.7889
23.2632
22.6567
21.9701
21.2067
20.3732
19.4787
18.5353
17.5569
16.559
15.5574
14.5678
13.6047
12.6809
11.8067
10.9901
10.2361
9.54744
8.92431
8.36509
7.86656
7.42431
7.03318
6.68753
6.38153
6.10943
5.86572
5.6453
5.4436
5.2566
5.08094
4.91388
4.75327
4.59752
4.44549
4.29646
4.14997
4.00583
3.86397
3.72446
3.5874
3.45294
3.32123
3.19241
3.06662
2.94398
2.82458
2.70852
2.59585
2.48661
2.38084
2.27856
2.17974
2.08439
1.99248
1.90397
1.81881
1.73694
1.65832
1.58285
1.51049
1.44113
1.37472
1.31114
1.25034
1.1922
1.13665
1.0836
1.03295
0.984613
0.938507
0.894543
0.852634
0.812696
0.774647
0.738407
0.703898
0.671043
0.63977
0.610006
0.581683
0.554735
0.529098
0.50471
0.481511
0.459446
0.43846
0.4185
0.399516
0.381461
0.36429
0.347957
0.332423
0.317647
0.303592
0.290221
0.2775
0.265397
0.25388
0.242921
0.23249
0.222561
0.213109
0.20411
0.195541
0.187381
0.179607
0.172202
0.165147
0.158423
0.152015
0.145906
0.140082
0.134528
0.12923
0.124176
0.119355
0.114753
0.110361
)
;

    fspectrum       nonuniform List<scalar> 
201
(
0.0439174
0.0459462
0.047974
0.0499995
0.0520218
0.0540398
0.0560524
0.0580585
0.0600571
0.062047
0.0640273
0.0659968
0.0679546
0.0698995
0.0718306
0.0737468
0.0756471
0.0775304
0.0793958
0.0812423
0.0830688
0.0848745
0.0866583
0.0884193
0.0901565
0.0918691
0.0935561
0.0952166
0.0968498
0.0984547
0.10003
0.101576
0.103091
0.104575
0.106026
0.107444
0.108828
0.110178
0.111492
0.11277
0.114011
0.115215
0.116381
0.117508
0.118596
0.119644
0.120652
0.121619
0.122544
0.123427
0.124268
0.125066
0.125821
0.126532
0.127199
0.127822
0.128399
0.128932
0.129419
0.129861
0.130257
0.130607
0.13091
0.131167
0.131378
0.131541
0.131659
0.131752
0.131771
0.131826
0.131918
0.132046
0.132212
0.132414
0.132652
0.132928
0.13324
0.133588
0.133973
0.134394
0.134852
0.135346
0.135877
0.136443
0.137046
0.137684
0.138359
0.139069
0.139815
0.140597
0.141415
0.142267
0.143155
0.144078
0.145037
0.14603
0.147058
0.14812
0.149217
0.150348
0.151514
0.152713
0.153946
0.155213
0.156514
0.157847
0.159214
0.160614
0.162047
0.163512
0.165009
0.166538
0.1681
0.169693
0.171317
0.172973
0.17466
0.176377
0.178125
0.179904
0.181712
0.18355
0.185418
0.187315
0.189241
0.191195
0.193179
0.19519
0.197229
0.199296
0.20139
0.203512
0.20566
0.207834
0.210035
0.212261
0.214513
0.21679
0.219092
0.221419
0.22377
0.226144
0.228543
0.230964
0.233409
0.235876
0.238366
0.240877
0.24341
0.245964
0.248538
0.251134
0.253749
0.256384
0.259038
0.261712
0.264404
0.267114
0.269843
0.272588
0.275351
0.278131
0.280927
0.283738
0.286566
0.289408
0.292266
0.295137
0.298023
0.300922
0.303835
0.30676
0.309697
0.312647
0.315607
0.318579
0.321562
0.324555
0.327558
0.33057
0.333592
0.336622
0.33966
0.342706
0.345759
0.348819
0.351885
0.354958
0.358036
0.36112
0.364208
0.367301
0.370397
0.373497
0.3766
0.379705
0.382813
0.385923
0.389033
0.392145
0.395257
)
;

    amplitude           nonuniform List<scalar>
    200
    (
        1.45331e-18
        1.06403e-15
        2.16767e-13
        1.6292e-11
        5.58845e-10
        1.02907e-08
        1.15298e-07
        8.66506e-07
        4.71478e-06
        1.97225e-05
        6.64972e-05
        0.000187592
        0.000456142
        0.000979086
        0.00189139
        0.00334099
        0.00546777
        0.00838204
        0.0121476
        0.016773
        0.0222108
        0.0283651
        0.0351025
        0.0422665
        0.049691
        0.057212
        0.0646777
        0.0719549
        0.0789347
        0.0855347
        0.0917011
        0.0974093
        0.102663
        0.107494
        0.111956
        0.116123
        0.120082
        0.123925
        0.12774
        0.131604
        0.13557
        0.139668
        0.14389
        0.148195
        0.152506
        0.156714
        0.160686
        0.16427
        0.167314
        0.16967
        0.17121
        0.171834
        0.171469
        0.170081
        0.167663
        0.164234
        0.159831
        0.1545
        0.148284
        0.141217
        0.133311
        0.124542
        0.114834
        0.104029
        0.0918299
        0.0776506
        0.0694725
        0.0307641
        0.0532834
        0.0687831
        0.0813717
        0.0922378
        0.101918
        0.110701
        0.118759
        0.126193
        0.133067
        0.139413
        0.145244
        0.150561
        0.15535
        0.159593
        0.163268
        0.166352
        0.168822
        0.170664
        0.171869
        0.17244
        0.172391
        0.17175
        0.17056
        0.168876
        0.166764
        0.164301
        0.161568
        0.15865
        0.155632
        0.152592
        0.149602
        0.146723
        0.144005
        0.141485
        0.139185
        0.137115
        0.135275
        0.133653
        0.132228
        0.130974
        0.12986
        0.128856
        0.127927
        0.127046
        0.126183
        0.125317
        0.124429
        0.123504
        0.122533
        0.12151
        0.120431
        0.119296
        0.118105
        0.11686
        0.115565
        0.114223
        0.112837
        0.111412
        0.109952
        0.10846
        0.10694
        0.105397
        0.103833
        0.102251
        0.100656
        0.0990499
        0.097436
        0.0958171
        0.0941958
        0.0925745
        0.0909555
        0.0893411
        0.0877332
        0.0861337
        0.0845444
        0.0829669
        0.0814025
        0.0798527
        0.0783187
        0.0768015
        0.0753022
        0.0738217
        0.0723607
        0.07092
        0.0695001
        0.0681015
        0.0667248
        0.0653703
        0.0640383
        0.062729
        0.0614426
        0.0601793
        0.058939
        0.057722
        0.056528
        0.0553572
        0.0542093
        0.0530843
        0.051982
        0.0509022
        0.0498448
        0.0488094
        0.0477959
        0.046804
        0.0458334
        0.0448838
        0.0439549
        0.0430463
        0.0421579
        0.0412891
        0.0404398
        0.0396095
        0.0387979
        0.0380046
        0.0372294
        0.0364717
        0.0357314
        0.0350081
        0.0343013
        0.0336107
        0.0329361
        0.032277
        0.0316331
        0.0310041
        0.0303896
        0.0297893
        0.0292029
        0.0286301
        0.0280705
        0.0275239
        0.0269899
        0.0264682
    );
    frequency           nonuniform List<scalar>
    200
    (
        0.0449318
        0.0469601
        0.0489867
        0.0510107
        0.0530308
        0.0550461
        0.0570554
        0.0590578
        0.061052
        0.0630371
        0.0650121
        0.0669757
        0.0689271
        0.0708651
        0.0727887
        0.0746969
        0.0765887
        0.0784631
        0.080319
        0.0821555
        0.0839716
        0.0857664
        0.0875388
        0.0892879
        0.0910128
        0.0927126
        0.0943864
        0.0960332
        0.0976522
        0.0992426
        0.100803
        0.102334
        0.103833
        0.1053
        0.106735
        0.108136
        0.109503
        0.110835
        0.112131
        0.113391
        0.114613
        0.115798
        0.116945
        0.118052
        0.11912
        0.120148
        0.121135
        0.122081
        0.122986
        0.123848
        0.124667
        0.125444
        0.126177
        0.126866
        0.12751
        0.12811
        0.128666
        0.129176
        0.12964
        0.130059
        0.130432
        0.130758
        0.131039
        0.131272
        0.13146
        0.1316
        0.131705
        0.131761
        0.131798
        0.131872
        0.131982
        0.132129
        0.132313
        0.132533
        0.13279
        0.133084
        0.133414
        0.13378
        0.134184
        0.134623
        0.135099
        0.135611
        0.13616
        0.136744
        0.137365
        0.138022
        0.138714
        0.139442
        0.140206
        0.141006
        0.141841
        0.142711
        0.143617
        0.144558
        0.145533
        0.146544
        0.147589
        0.148669
        0.149783
        0.150931
        0.152113
        0.15333
        0.15458
        0.155864
        0.157181
        0.158531
        0.159914
        0.16133
        0.162779
        0.16426
        0.165774
        0.167319
        0.168896
        0.170505
        0.172145
        0.173816
        0.175518
        0.177251
        0.179014
        0.180808
        0.182631
        0.184484
        0.186366
        0.188278
        0.190218
        0.192187
        0.194184
        0.19621
        0.198263
        0.200343
        0.202451
        0.204586
        0.206747
        0.208934
        0.211148
        0.213387
        0.215652
        0.217941
        0.220255
        0.222594
        0.224957
        0.227344
        0.229754
        0.232187
        0.234643
        0.237121
        0.239621
        0.242143
        0.244687
        0.247251
        0.249836
        0.252441
        0.255066
        0.257711
        0.260375
        0.263058
        0.265759
        0.268478
        0.271215
        0.27397
        0.276741
        0.279529
        0.282332
        0.285152
        0.287987
        0.290837
        0.293701
        0.29658
        0.299473
        0.302378
        0.305297
        0.308228
        0.311172
        0.314127
        0.317093
        0.320071
        0.323059
        0.326057
        0.329064
        0.332081
        0.335107
        0.338141
        0.341183
        0.344232
        0.347289
        0.350352
        0.353422
        0.356497
        0.359578
        0.362664
        0.365754
        0.368849
        0.371947
        0.375048
        0.378153
        0.381259
        0.384368
        0.387478
        0.390589
        0.393701
    );
    phaselag            nonuniform List<scalar>
    200
    (
        1.12089
        2.51125
        1.04677
        1.3328
        0.389154
        0.340234
        1.73206
        0.300068
        2.01711
        1.71364
        2.31056
        1.39717
        1.38015
        1.26755
        0.277187
        2.16091
        4.06933
        0.939111
        0.186408
        5.51974
        4.11812
        3.31528
        3.17839
        5.75346
        1.18177
        0.748679
        0.365033
        4.52345
        4.00575
        5.53452
        2.58905
        5.12664
        1.76258
        3.63582
        0.176257
        2.15173
        3.97605
        1.90831
        2.4518
        5.99316
        3.62195
        4.76236
        1.10715
        5.0021
        6.02991
        1.38434
        0.879825
        3.81606
        2.32345
        1.06623
        3.05261
        0.158378
        4.38152
        6.231
        5.91184
        5.56329
        0.696498
        6.27687
        3.80355
        4.70225
        5.52821
        0.109411
        3.5457
        1.0076
        3.74523
        3.72196
        3.15933
        1.4381
        5.63028
        5.61114
        1.14807
        2.96904
        4.09031
        2.25522
        1.68795
        3.83704
        3.63956
        2.56778
        1.36991
        5.963
        3.63401
        4.42252
        6.12138
        1.73234
        4.37034
        5.75004
        1.01244
        5.06684
        5.74372
        4.81599
        3.4859
        4.98874
        4.92541
        0.748423
        5.99634
        2.38745
        4.47038
        2.87249
        3.82554
        3.81748
        2.20044
        4.97362
        0.503333
        0.00756762
        0.945652
        2.19129
        3.84461
        4.58521
        4.75906
        5.21452
        4.26503
        2.10989
        3.35386
        4.10322
        3.84223
        1.44102
        3.57007
        4.85467
        0.224672
        3.03061
        3.38748
        3.71058
        1.73617
        2.0297
        4.459
        1.44932
        4.41715
        2.6462
        4.32181
        1.95951
        0.180489
        0.23907
        0.649941
        0.683822
        0.246637
        1.59559
        2.87511
        4.09125
        6.1808
        1.35099
        3.02258
        4.16264
        3.46087
        0.0932557
        1.98268
        1.01992
        1.53427
        5.55275
        5.87459
        1.75895
        2.30018
        2.97889
        5.46952
        4.03634
        5.00859
        3.64533
        5.48566
        3.14256
        0.0083477
        3.52429
        5.10206
        0.188836
        3.76336
        5.75201
        0.872658
        4.01
        1.06441
        3.74777
        1.81806
        0.96203
        5.09875
        4.84064
        5.12467
        2.27644
        4.93389
        0.824169
        3.29636
        0.184981
        0.0937355
        2.88776
        1.94393
        2.39391
        5.86665
        1.13026
        0.147066
        4.59205
        4.7756
        5.63273
        1.45142
        4.78395
        2.87383
        0.270303
        4.97278
        0.354007
        6.02231
        5.84544
        4.364
        0.803537
        3.31002
        6.18206
    );
    waveNumber          nonuniform List<vector>
    200
    (
        (0.0238866 0 0)
        (0.0250124 0 0)
        (0.0261437 0 0)
        (0.0272804 0 0)
        (0.028422 0 0)
        (0.0295683 0 0)
        (0.0307189 0 0)
        (0.0318736 0 0)
        (0.0330318 0 0)
        (0.0341934 0 0)
        (0.0353577 0 0)
        (0.0365246 0 0)
        (0.0376934 0 0)
        (0.0388638 0 0)
        (0.0400353 0 0)
        (0.0412074 0 0)
        (0.0423796 0 0)
        (0.0435513 0 0)
        (0.0447219 0 0)
        (0.0458909 0 0)
        (0.0470577 0 0)
        (0.0482215 0 0)
        (0.0493818 0 0)
        (0.0505377 0 0)
        (0.0516885 0 0)
        (0.0528336 0 0)
        (0.0539721 0 0)
        (0.0551031 0 0)
        (0.0562258 0 0)
        (0.0573393 0 0)
        (0.0584428 0 0)
        (0.0595352 0 0)
        (0.0606157 0 0)
        (0.0616832 0 0)
        (0.0627368 0 0)
        (0.0637753 0 0)
        (0.0647978 0 0)
        (0.0658032 0 0)
        (0.0667904 0 0)
        (0.0677584 0 0)
        (0.068706 0 0)
        (0.0696322 0 0)
        (0.0705358 0 0)
        (0.0714157 0 0)
        (0.0722709 0 0)
        (0.0731002 0 0)
        (0.0739025 0 0)
        (0.0746769 0 0)
        (0.0754222 0 0)
        (0.0761374 0 0)
        (0.0768215 0 0)
        (0.0774735 0 0)
        (0.0780926 0 0)
        (0.0786777 0 0)
        (0.0792279 0 0)
        (0.0797426 0 0)
        (0.0802209 0 0)
        (0.080662 0 0)
        (0.0810653 0 0)
        (0.0814301 0 0)
        (0.0817558 0 0)
        (0.082042 0 0)
        (0.0822882 0 0)
        (0.0824939 0 0)
        (0.082659 0 0)
        (0.082783 0 0)
        (0.0828761 0 0)
        (0.0829256 0 0)
        (0.0829581 0 0)
        (0.0830232 0 0)
        (0.0831208 0 0)
        (0.083251 0 0)
        (0.083414 0 0)
        (0.0836098 0 0)
        (0.0838387 0 0)
        (0.0841007 0 0)
        (0.0843961 0 0)
        (0.084725 0 0)
        (0.0850878 0 0)
        (0.0854846 0 0)
        (0.0859159 0 0)
        (0.0863818 0 0)
        (0.0868828 0 0)
        (0.0874192 0 0)
        (0.0879915 0 0)
        (0.0886001 0 0)
        (0.0892454 0 0)
        (0.0899279 0 0)
        (0.0906482 0 0)
        (0.0914068 0 0)
        (0.0922044 0 0)
        (0.0930415 0 0)
        (0.0939189 0 0)
        (0.0948371 0 0)
        (0.0957971 0 0)
        (0.0967994 0 0)
        (0.097845 0 0)
        (0.0989347 0 0)
        (0.100069 0 0)
        (0.10125 0 0)
        (0.102477 0 0)
        (0.103753 0 0)
        (0.105077 0 0)
        (0.106451 0 0)
        (0.107877 0 0)
        (0.109354 0 0)
        (0.110885 0 0)
        (0.112471 0 0)
        (0.114113 0 0)
        (0.115813 0 0)
        (0.11757 0 0)
        (0.119388 0 0)
        (0.121268 0 0)
        (0.12321 0 0)
        (0.125217 0 0)
        (0.127289 0 0)
        (0.129428 0 0)
        (0.131637 0 0)
        (0.133915 0 0)
        (0.136266 0 0)
        (0.138689 0 0)
        (0.141187 0 0)
        (0.143762 0 0)
        (0.146414 0 0)
        (0.149145 0 0)
        (0.151957 0 0)
        (0.15485 0 0)
        (0.157827 0 0)
        (0.160888 0 0)
        (0.164035 0 0)
        (0.167269 0 0)
        (0.17059 0 0)
        (0.174001 0 0)
        (0.177501 0 0)
        (0.181093 0 0)
        (0.184776 0 0)
        (0.188552 0 0)
        (0.192422 0 0)
        (0.196386 0 0)
        (0.200444 0 0)
        (0.204598 0 0)
        (0.208847 0 0)
        (0.213193 0 0)
        (0.217636 0 0)
        (0.222177 0 0)
        (0.226814 0 0)
        (0.23155 0 0)
        (0.236384 0 0)
        (0.241317 0 0)
        (0.246348 0 0)
        (0.251479 0 0)
        (0.256708 0 0)
        (0.262037 0 0)
        (0.267466 0 0)
        (0.272995 0 0)
        (0.278623 0 0)
        (0.284352 0 0)
        (0.290181 0 0)
        (0.29611 0 0)
        (0.302139 0 0)
        (0.308269 0 0)
        (0.3145 0 0)
        (0.320831 0 0)
        (0.327263 0 0)
        (0.333795 0 0)
        (0.340428 0 0)
        (0.347162 0 0)
        (0.353996 0 0)
        (0.360931 0 0)
        (0.367966 0 0)
        (0.375102 0 0)
        (0.382337 0 0)
        (0.389672 0 0)
        (0.397107 0 0)
        (0.404642 0 0)
        (0.412275 0 0)
        (0.420007 0 0)
        (0.427838 0 0)
        (0.435767 0 0)
        (0.443793 0 0)
        (0.451916 0 0)
        (0.460136 0 0)
        (0.468452 0 0)
        (0.476864 0 0)
        (0.48537 0 0)
        (0.49397 0 0)
        (0.502664 0 0)
        (0.51145 0 0)
        (0.520328 0 0)
        (0.529297 0 0)
        (0.538356 0 0)
        (0.547504 0 0)
        (0.55674 0 0)
        (0.566064 0 0)
        (0.575473 0 0)
        (0.584967 0 0)
        (0.594545 0 0)
        (0.604205 0 0)
        (0.613947 0 0)
        (0.623769 0 0)
    );

    frequencyAxis
    {
        discretisation      cosineStretchedFrequencyAxis;
        lowerFrequencyCutoff 0.0439174;
        upperFrequencyCutoff 0.395257;
        writeSpectrum       true;
    }

    relaxationZone
    {
        relaxationScheme    Spatial;
        relaxationShape     Rectangular;
        beachType           Empty;
        relaxType           INLET;
        startX              ( 0 0 -1 );
        endX                ( 400 0 1 );
        orientation         ( 1 0 0 );
        fieldNames          ( alpha.water U );
    }
}

initCoeffs
{
    waveType            potentialCurrent;
    U                   ( 0 0 0 );
    Tsoft               15.18;
}



// ************************************************************************* //
