/*--------------------------------*- C++ -*----------------------------------*\
| =========                 |                                                 |
| \\      /  F ield         | OpenFOAM: The Open Source CFD Toolbox           |
|  \\    /   O peration     | Version:  v1912                                 |
|   \\  /    A nd           | Website:  www.openfoam.com                      |
|    \\/     M anipulation  |                                                 |
\*---------------------------------------------------------------------------*/
FoamFile
{
    version	2.0;
    format	ascii;
    class	dictionary;
    object	waveProperties;
}
// * * * * * * * * * * * * * * * * * * * * * * * * * * * * * * * * * * * * * //

seaLevel            0;

seaLevelAsReference true;

relaxationNames     ( inlet );

initializationName  init;

inletCoeffs
{
    waveType            irregular;
    spectrum            JONSWAP;
    N                   200;
    Tsoft               10;
    Hs                  3;
    Tp                  7;
    gamma               3.3;
    depth               10;
    direction           ( 1 0 0 );
    spectramValues  nonuniform List<scalar> 
201
(
2.07955e-09
2.16232e-07
7.61804e-06
0.00011978
0.00102538
0.0055262
0.0208743
0.0598749
0.13854
0.27076
0.463064
0.712366
1.00751
1.3337
1.67808
2.03525
2.41091
2.82287
3.29869
3.87029
4.56587
5.39963
6.36137
7.41015
8.47754
9.48233
10.3519
11.0405
11.5365
11.8585
12.0428
12.1323
12.1659
12.1742
12.1742
12.1739
12.1725
12.169
12.1614
12.1478
12.1254
12.0913
12.042
11.9739
11.8831
11.7657
11.6182
11.4371
11.2198
10.9643
10.6698
10.3368
9.96713
9.56411
9.13247
8.67821
8.20826
7.73022
7.25186
6.78075
6.32383
5.88711
5.47541
5.09225
4.73986
4.4192
4.13015
3.87165
3.64194
3.43872
3.25936
3.10104
2.96089
2.83612
2.72407
2.62233
2.52875
2.44149
2.35902
2.28013
2.2039
2.12967
2.057
1.9856
1.91534
1.84617
1.7781
1.71118
1.6455
1.58111
1.51812
1.45658
1.39657
1.33813
1.28133
1.22618
1.17273
1.12099
1.07097
1.02267
0.976086
0.931213
0.88803
0.846518
0.806648
0.768393
0.731718
0.696587
0.66296
0.630798
0.600058
0.570696
0.542668
0.515928
0.490431
0.466132
0.442986
0.420947
0.399972
0.380016
0.361037
0.342994
0.325844
0.30955
0.294071
0.27937
0.265412
0.252162
0.239585
0.227649
0.216323
0.205578
0.195384
0.185714
0.176541
0.167841
0.15959
0.151764
0.144342
0.137302
0.130626
0.124294
0.118289
0.112592
0.107189
0.102063
0.0972005
0.0925871
0.0882096
0.0840557
0.0801135
0.0763719
0.0728203
0.0694485
0.0662472
0.0632071
0.06032
0.0575775
0.0549722
0.0524968
0.0501444
0.0479086
0.0457832
0.0437625
0.0418409
0.0400133
0.0382748
0.0366207
0.0350466
0.0335485
0.0321223
0.0307643
0.0294711
0.0282393
0.0270657
0.0259474
0.0248816
0.0238656
0.0228969
0.021973
0.0210918
0.020251
0.0194487
0.0186829
0.0179519
0.0172539
0.0165872
0.0159504
0.0153419
0.0147604
0.0142046
0.0136731
0.013165
0.0126789
0.0122139
0.0117689
0.011343
0.0109353
0.010545
0.0101711
0.00981302
)
;

    fspectrum       nonuniform List<scalar> 
201
(
0.066666
0.0701848
0.073696
0.0771923
0.0806661
0.08411
0.0875167
0.0908789
0.0941894
0.0974412
0.100627
0.103741
0.106775
0.109724
0.112581
0.11534
0.117996
0.120541
0.122972
0.125282
0.127468
0.129524
0.131445
0.133228
0.13487
0.136365
0.137712
0.138907
0.139949
0.140833
0.14156
0.142127
0.142532
0.142857
0.142877
0.142938
0.143039
0.143181
0.143363
0.143585
0.143848
0.144151
0.144494
0.144878
0.145302
0.145766
0.14627
0.146815
0.1474
0.148024
0.148689
0.149394
0.150138
0.150922
0.151746
0.15261
0.153513
0.154456
0.155438
0.156459
0.15752
0.15862
0.159759
0.160937
0.162153
0.163409
0.164703
0.166035
0.167406
0.168816
0.170263
0.171748
0.173272
0.174833
0.176431
0.178068
0.179741
0.181452
0.183199
0.184984
0.186805
0.188663
0.190557
0.192488
0.194454
0.196457
0.198495
0.200568
0.202677
0.204821
0.207
0.209214
0.211463
0.213745
0.216062
0.218413
0.220798
0.223216
0.225668
0.228152
0.23067
0.23322
0.235803
0.238418
0.241065
0.243743
0.246453
0.249195
0.251967
0.254771
0.257604
0.260469
0.263363
0.266287
0.26924
0.272223
0.275235
0.278275
0.281344
0.284441
0.287566
0.290719
0.293899
0.297106
0.30034
0.3036
0.306887
0.310199
0.313538
0.316901
0.32029
0.323703
0.327141
0.330603
0.334089
0.337598
0.34113
0.344686
0.348264
0.351864
0.355486
0.35913
0.362795
0.366482
0.370188
0.373916
0.377663
0.38143
0.385216
0.389021
0.392845
0.396687
0.400547
0.404425
0.40832
0.412232
0.416161
0.420106
0.424066
0.428043
0.432034
0.436041
0.440062
0.444097
0.448146
0.452208
0.456284
0.460372
0.464472
0.468585
0.472709
0.476844
0.480991
0.485147
0.489314
0.493491
0.497677
0.501873
0.506077
0.510289
0.514509
0.518737
0.522972
0.527213
0.531461
0.535716
0.539976
0.544241
0.548511
0.552786
0.557065
0.561347
0.565633
0.569923
0.574214
0.578509
0.582805
0.587102
0.591401
0.5957
0.6
)
;

    amplitude           nonuniform List<scalar>
    200
    (
        2.77162e-05
        0.000165856
        0.000667395
        0.00199451
        0.00475006
        0.00948358
        0.0164771
        0.0256292
        0.0364823
        0.0483533
        0.0604968
        0.0722427
        0.0830906
        0.0927618
        0.101219
        0.108652
        0.115426
        0.121981
        0.128701
        0.135781
        0.143128
        0.150329
        0.156711
        0.161478
        0.163897
        0.163448
        0.159908
        0.153317
        0.143872
        0.131772
        0.117043
        0.0992768
        0.0889436
        0.0221895
        0.0384325
        0.049613
        0.0586944
        0.0665342
        0.0735189
        0.0798572
        0.0856716
        0.0910364
        0.0959954
        0.100572
        0.104775
        0.108603
        0.112046
        0.11509
        0.117719
        0.119913
        0.121659
        0.122944
        0.123763
        0.124119
        0.124024
        0.1235
        0.122579
        0.121303
        0.119724
        0.117899
        0.115889
        0.113758
        0.111567
        0.109374
        0.107232
        0.105183
        0.103262
        0.101493
        0.0998916
        0.0984617
        0.0971997
        0.0960942
        0.0951284
        0.0942808
        0.0935278
        0.0928449
        0.0922081
        0.0915955
        0.0909879
        0.0903694
        0.0897275
        0.0890531
        0.0883402
        0.0875852
        0.0867867
        0.0859449
        0.0850609
        0.0841369
        0.0831753
        0.0821789
        0.0811507
        0.0800936
        0.0790106
        0.0779046
        0.0767784
        0.0756347
        0.0744762
        0.0733055
        0.0721248
        0.0709365
        0.0697429
        0.0685459
        0.0673475
        0.0661496
        0.0649538
        0.0637618
        0.062575
        0.0613949
        0.0602227
        0.0590596
        0.0579066
        0.0567648
        0.0556351
        0.0545183
        0.053415
        0.052326
        0.0512518
        0.050193
        0.0491499
        0.0481229
        0.0471124
        0.0461186
        0.0451418
        0.0441821
        0.0432396
        0.0423144
        0.0414066
        0.0405161
        0.039643
        0.0387872
        0.0379486
        0.0371271
        0.0363227
        0.035535
        0.0347641
        0.0340096
        0.0332715
        0.0325494
        0.0318433
        0.0311528
        0.0304778
        0.0298179
        0.029173
        0.0285428
        0.0279269
        0.0273253
        0.0267375
        0.0261634
        0.0256027
        0.025055
        0.0245202
        0.023998
        0.023488
        0.0229901
        0.022504
        0.0220294
        0.0215661
        0.0211138
        0.0206722
        0.0202412
        0.0198204
        0.0194096
        0.0190087
        0.0186172
        0.0182352
        0.0178622
        0.0174981
        0.0171427
        0.0167957
        0.016457
        0.0161264
        0.0158036
        0.0154884
        0.0151807
        0.0148803
        0.014587
        0.0143006
        0.0140209
        0.0137478
        0.0134811
        0.0132207
        0.0129663
        0.0127179
        0.0124752
        0.0122382
        0.0120067
        0.0117805
        0.0115596
        0.0113437
        0.0111328
        0.0109267
        0.0107253
        0.0105285
        0.0103361
        0.0101481
        0.00996438
        0.00978478
        0.0096092
        0.00943756
        0.00926974
    );
    frequency           nonuniform List<scalar>
    200
    (
        0.0684254
        0.0719404
        0.0754442
        0.0789292
        0.082388
        0.0858134
        0.0891978
        0.0925342
        0.0958153
        0.0990343
        0.102184
        0.105258
        0.10825
        0.111153
        0.113961
        0.116668
        0.119268
        0.121757
        0.124127
        0.126375
        0.128496
        0.130484
        0.132337
        0.134049
        0.135617
        0.137039
        0.13831
        0.139428
        0.140391
        0.141197
        0.141843
        0.142329
        0.142695
        0.142867
        0.142908
        0.142989
        0.14311
        0.143272
        0.143474
        0.143716
        0.143999
        0.144322
        0.144686
        0.14509
        0.145534
        0.146018
        0.146543
        0.147107
        0.147712
        0.148357
        0.149041
        0.149766
        0.15053
        0.151334
        0.152178
        0.153061
        0.153984
        0.154947
        0.155949
        0.15699
        0.15807
        0.159189
        0.160348
        0.161545
        0.162781
        0.164056
        0.165369
        0.166721
        0.168111
        0.169539
        0.171006
        0.17251
        0.174052
        0.175632
        0.17725
        0.178904
        0.180596
        0.182326
        0.184092
        0.185895
        0.187734
        0.18961
        0.191522
        0.193471
        0.195455
        0.197476
        0.199531
        0.201623
        0.203749
        0.205911
        0.208107
        0.210338
        0.212604
        0.214904
        0.217238
        0.219605
        0.222007
        0.224442
        0.22691
        0.229411
        0.231945
        0.234511
        0.23711
        0.239741
        0.242404
        0.245098
        0.247824
        0.250581
        0.253369
        0.256188
        0.259036
        0.261916
        0.264825
        0.267763
        0.270731
        0.273729
        0.276755
        0.279809
        0.282892
        0.286004
        0.289142
        0.292309
        0.295502
        0.298723
        0.30197
        0.305244
        0.308543
        0.311869
        0.315219
        0.318596
        0.321996
        0.325422
        0.328872
        0.332346
        0.335843
        0.339364
        0.342908
        0.346475
        0.350064
        0.353675
        0.357308
        0.360963
        0.364639
        0.368335
        0.372052
        0.375789
        0.379546
        0.383323
        0.387118
        0.390933
        0.394766
        0.398617
        0.402486
        0.406372
        0.410276
        0.414196
        0.418133
        0.422086
        0.426055
        0.430039
        0.434038
        0.438051
        0.442079
        0.446121
        0.450177
        0.454246
        0.458328
        0.462422
        0.466529
        0.470647
        0.474777
        0.478918
        0.483069
        0.487231
        0.491403
        0.495584
        0.499775
        0.503975
        0.508183
        0.512399
        0.516623
        0.520854
        0.525092
        0.529337
        0.533589
        0.537846
        0.542108
        0.546376
        0.550648
        0.554925
        0.559206
        0.56349
        0.567778
        0.572069
        0.576362
        0.580657
        0.584953
        0.589251
        0.59355
        0.59785
    );
    phaselag            nonuniform List<scalar>
    200
    (
        1.12089
        2.51125
        1.04677
        1.3328
        0.389154
        0.340234
        1.73206
        0.300068
        2.01711
        1.71364
        2.31056
        1.39717
        1.38015
        1.26755
        0.277187
        2.16091
        4.06933
        0.939111
        0.186408
        5.51974
        4.11812
        3.31528
        3.17839
        5.75346
        1.18177
        0.748679
        0.365033
        4.52345
        4.00575
        5.53452
        2.58905
        5.12664
        1.76258
        3.63582
        0.176257
        2.15173
        3.97605
        1.90831
        2.4518
        5.99316
        3.62195
        4.76236
        1.10715
        5.0021
        6.02991
        1.38434
        0.879825
        3.81606
        2.32345
        1.06623
        3.05261
        0.158378
        4.38152
        6.231
        5.91184
        5.56329
        0.696498
        6.27687
        3.80355
        4.70225
        5.52821
        0.109411
        3.5457
        1.0076
        3.74523
        3.72196
        3.15933
        1.4381
        5.63028
        5.61114
        1.14807
        2.96904
        4.09031
        2.25522
        1.68795
        3.83704
        3.63956
        2.56778
        1.36991
        5.963
        3.63401
        4.42252
        6.12138
        1.73234
        4.37034
        5.75004
        1.01244
        5.06684
        5.74372
        4.81599
        3.4859
        4.98874
        4.92541
        0.748423
        5.99634
        2.38745
        4.47038
        2.87249
        3.82554
        3.81748
        2.20044
        4.97362
        0.503333
        0.00756762
        0.945652
        2.19129
        3.84461
        4.58521
        4.75906
        5.21452
        4.26503
        2.10989
        3.35386
        4.10322
        3.84223
        1.44102
        3.57007
        4.85467
        0.224672
        3.03061
        3.38748
        3.71058
        1.73617
        2.0297
        4.459
        1.44932
        4.41715
        2.6462
        4.32181
        1.95951
        0.180489
        0.23907
        0.649941
        0.683822
        0.246637
        1.59559
        2.87511
        4.09125
        6.1808
        1.35099
        3.02258
        4.16264
        3.46087
        0.0932557
        1.98268
        1.01992
        1.53427
        5.55275
        5.87459
        1.75895
        2.30018
        2.97889
        5.46952
        4.03634
        5.00859
        3.64533
        5.48566
        3.14256
        0.0083477
        3.52429
        5.10206
        0.188836
        3.76336
        5.75201
        0.872658
        4.01
        1.06441
        3.74777
        1.81806
        0.96203
        5.09875
        4.84064
        5.12467
        2.27644
        4.93389
        0.824169
        3.29636
        0.184981
        0.0937355
        2.88776
        1.94393
        2.39391
        5.86665
        1.13026
        0.147066
        4.59205
        4.7756
        5.63273
        1.45142
        4.78395
        2.87383
        0.270303
        4.97278
        0.354007
        6.02231
        5.84544
        4.364
        0.803537
        3.31002
        6.18206
    );
    waveNumber          nonuniform List<vector>
    200
    (
        (0.0448184 0 0)
        (0.0472831 0 0)
        (0.0497655 0 0)
        (0.0522615 0 0)
        (0.0547669 0 0)
        (0.0572771 0 0)
        (0.0597875 0 0)
        (0.0622931 0 0)
        (0.0647886 0 0)
        (0.0672687 0 0)
        (0.0697274 0 0)
        (0.0721589 0 0)
        (0.0745568 0 0)
        (0.0769146 0 0)
        (0.0792257 0 0)
        (0.0814829 0 0)
        (0.0836793 0 0)
        (0.0858076 0 0)
        (0.0878603 0 0)
        (0.0898302 0 0)
        (0.0917099 0 0)
        (0.093492 0 0)
        (0.0951694 0 0)
        (0.0967351 0 0)
        (0.0981824 0 0)
        (0.099505 0 0)
        (0.100697 0 0)
        (0.101753 0 0)
        (0.102667 0 0)
        (0.103436 0 0)
        (0.104056 0 0)
        (0.104524 0 0)
        (0.104876 0 0)
        (0.105043 0 0)
        (0.105082 0 0)
        (0.10516 0 0)
        (0.105277 0 0)
        (0.105434 0 0)
        (0.10563 0 0)
        (0.105865 0 0)
        (0.10614 0 0)
        (0.106455 0 0)
        (0.106809 0 0)
        (0.107204 0 0)
        (0.10764 0 0)
        (0.108116 0 0)
        (0.108633 0 0)
        (0.109191 0 0)
        (0.109791 0 0)
        (0.110434 0 0)
        (0.111119 0 0)
        (0.111847 0 0)
        (0.112618 0 0)
        (0.113434 0 0)
        (0.114294 0 0)
        (0.115199 0 0)
        (0.11615 0 0)
        (0.117148 0 0)
        (0.118193 0 0)
        (0.119286 0 0)
        (0.120428 0 0)
        (0.121619 0 0)
        (0.122861 0 0)
        (0.124154 0 0)
        (0.1255 0 0)
        (0.126899 0 0)
        (0.128353 0 0)
        (0.129862 0 0)
        (0.131428 0 0)
        (0.133053 0 0)
        (0.134736 0 0)
        (0.136481 0 0)
        (0.138287 0 0)
        (0.140157 0 0)
        (0.142093 0 0)
        (0.144095 0 0)
        (0.146166 0 0)
        (0.148306 0 0)
        (0.150519 0 0)
        (0.152806 0 0)
        (0.155168 0 0)
        (0.157608 0 0)
        (0.160127 0 0)
        (0.162729 0 0)
        (0.165414 0 0)
        (0.168186 0 0)
        (0.171045 0 0)
        (0.173996 0 0)
        (0.17704 0 0)
        (0.180179 0 0)
        (0.183415 0 0)
        (0.186753 0 0)
        (0.190192 0 0)
        (0.193737 0 0)
        (0.19739 0 0)
        (0.201152 0 0)
        (0.205027 0 0)
        (0.209018 0 0)
        (0.213125 0 0)
        (0.217352 0 0)
        (0.221701 0 0)
        (0.226175 0 0)
        (0.230775 0 0)
        (0.235503 0 0)
        (0.240362 0 0)
        (0.245354 0 0)
        (0.250481 0 0)
        (0.255744 0 0)
        (0.261144 0 0)
        (0.266685 0 0)
        (0.272367 0 0)
        (0.278191 0 0)
        (0.28416 0 0)
        (0.290274 0 0)
        (0.296535 0 0)
        (0.302943 0 0)
        (0.309501 0 0)
        (0.316208 0 0)
        (0.323066 0 0)
        (0.330076 0 0)
        (0.337238 0 0)
        (0.344554 0 0)
        (0.352025 0 0)
        (0.35965 0 0)
        (0.367432 0 0)
        (0.375371 0 0)
        (0.383467 0 0)
        (0.391722 0 0)
        (0.400136 0 0)
        (0.40871 0 0)
        (0.417444 0 0)
        (0.426341 0 0)
        (0.435399 0 0)
        (0.444622 0 0)
        (0.454008 0 0)
        (0.463559 0 0)
        (0.473275 0 0)
        (0.483158 0 0)
        (0.493209 0 0)
        (0.503428 0 0)
        (0.513815 0 0)
        (0.524373 0 0)
        (0.535101 0 0)
        (0.546 0 0)
        (0.557071 0 0)
        (0.568315 0 0)
        (0.579733 0 0)
        (0.591325 0 0)
        (0.603091 0 0)
        (0.615034 0 0)
        (0.627152 0 0)
        (0.639447 0 0)
        (0.651919 0 0)
        (0.66457 0 0)
        (0.677398 0 0)
        (0.690405 0 0)
        (0.703591 0 0)
        (0.716957 0 0)
        (0.730502 0 0)
        (0.744228 0 0)
        (0.758133 0 0)
        (0.77222 0 0)
        (0.786487 0 0)
        (0.800935 0 0)
        (0.815563 0 0)
        (0.830373 0 0)
        (0.845363 0 0)
        (0.860534 0 0)
        (0.875885 0 0)
        (0.891418 0 0)
        (0.90713 0 0)
        (0.923022 0 0)
        (0.939094 0 0)
        (0.955345 0 0)
        (0.971776 0 0)
        (0.988384 0 0)
        (1.00517 0 0)
        (1.02213 0 0)
        (1.03927 0 0)
        (1.05659 0 0)
        (1.07408 0 0)
        (1.09175 0 0)
        (1.10959 0 0)
        (1.1276 0 0)
        (1.14579 0 0)
        (1.16414 0 0)
        (1.18267 0 0)
        (1.20136 0 0)
        (1.22022 0 0)
        (1.23925 0 0)
        (1.25845 0 0)
        (1.2778 0 0)
        (1.29732 0 0)
        (1.317 0 0)
        (1.33684 0 0)
        (1.35684 0 0)
        (1.377 0 0)
        (1.39731 0 0)
        (1.41777 0 0)
        (1.43839 0 0)
    );

    frequencyAxis
    {
        discretisation      cosineStretchedFrequencyAxis;
        lowerFrequencyCutoff 0.066666;
        upperFrequencyCutoff 0.6;
        writeSpectrum       true;
    }

    relaxationZone
    {
        relaxationScheme    Spatial;
        relaxationShape     Rectangular;
        beachType           Empty;
        relaxType           INLET;
        startX              ( 0 0 -1 );
        endX                ( 100 0 1 );
        orientation         ( 1 0 0 );
        fieldNames          ( alpha.water U );
    }
}

initCoeffs
{
    waveType            potentialCurrent;
    U                   ( 0 0 0 );
    Tsoft               10;
}



// ************************************************************************* //
