/*--------------------------------*- C++ -*----------------------------------*\
| =========                 |                                                 |
| \\      /  F ield         | OpenFOAM: The Open Source CFD Toolbox           |
|  \\    /   O peration     | Version:  v1912                                 |
|   \\  /    A nd           | Website:  www.openfoam.com                      |
|    \\/     M anipulation  |                                                 |
\*---------------------------------------------------------------------------*/
FoamFile
{
    version	2.0;
    format	ascii;
    class	dictionary;
    object	waveProperties;
}
// * * * * * * * * * * * * * * * * * * * * * * * * * * * * * * * * * * * * * //

seaLevel            1.82;

seaLevelAsReference true;

relaxationNames     ( inlet );

initializationName  init;

inletCoeffs
{
    waveType            irregular;
    spectrum            JONSWAP;
    N                   200;
    Tsoft               22.78;
    Hs                  3.48;
    Tp                  11.39;
    gamma               3.3;
    depth               16.82;
    direction           ( 1 0 0 );
    spectramValues  nonuniform List<scalar> 
201
(
7.30173e-41
1.34165e-33
8.21245e-28
3.67641e-23
2.15745e-19
2.57229e-16
8.68942e-14
1.07316e-11
5.90205e-10
1.68599e-08
2.82367e-07
3.05193e-06
2.29838e-05
0.000128265
0.000557531
0.00196567
0.00581074
0.0148007
0.033224
0.0669694
0.123124
0.209191
0.332091
0.497204
0.707632
0.963833
1.26365
1.60268
1.97493
2.37359
2.79195
3.22423
3.6664
4.11685
4.57682
5.05063
5.54557
6.07161
6.64075
7.26625
7.96154
8.73908
9.60895
10.5774
11.6453
12.8069
14.0493
15.352
16.6878
18.0253
19.3305
20.5708
21.7172
22.7471
23.6457
24.4064
25.0304
25.5252
25.9036
26.1812
26.3753
26.5034
26.5817
26.625
26.6456
26.6533
26.6552
26.6551
26.6545
26.6518
26.6444
26.6289
26.6008
26.5546
26.4842
26.3825
26.2418
26.0543
25.8119
25.5068
25.132
24.6814
24.1508
23.5379
22.843
22.0693
21.2228
20.3126
19.3505
18.3502
17.3272
16.2975
15.2772
14.2812
13.3228
12.413
11.5604
10.7708
10.0473
9.39081
8.80009
8.27221
7.803
7.38739
7.01978
6.69429
6.40506
6.14642
5.91308
5.70022
5.50359
5.31959
5.14522
4.97812
4.81648
4.65901
4.50481
4.35335
4.20434
4.05767
3.91336
3.7715
3.63222
3.49568
3.36203
3.23142
3.10396
2.97977
2.85894
2.74154
2.62763
2.51724
2.4104
2.3071
2.20735
2.11111
2.01836
1.92906
1.84315
1.76057
1.68126
1.60515
1.53216
1.46221
1.39521
1.33108
1.26973
1.21107
1.15501
1.10146
1.05033
1.00153
0.954964
0.910551
0.868205
0.827839
0.789372
0.752724
0.717815
0.684569
0.652914
0.622777
0.59409
0.566786
0.5408
0.516072
0.492543
0.470154
0.448852
0.428585
0.409302
0.390955
0.373499
0.35689
0.341087
0.32605
0.31174
0.298122
0.285161
0.272824
0.261081
0.249901
0.239257
0.229121
0.219468
0.210275
0.201517
0.193173
0.185223
0.177646
0.170424
0.16354
0.156976
0.150716
0.144745
0.13905
0.133616
0.12843
0.12348
0.118754
0.114242
)
;

    fspectrum       nonuniform List<scalar> 
201
(
0.0292654
0.0306376
0.0320089
0.0333788
0.0347464
0.0361109
0.0374718
0.0388281
0.0401791
0.0415242
0.0428625
0.0441933
0.0455159
0.0468297
0.0481337
0.0494274
0.05071
0.0519808
0.0532391
0.0544843
0.0557156
0.0569323
0.0581339
0.0593195
0.0604887
0.0616407
0.0627749
0.0638907
0.0649874
0.0660646
0.0671214
0.0681575
0.0691722
0.070165
0.0711353
0.0720826
0.0730064
0.0739061
0.0747812
0.0756314
0.0764561
0.0772548
0.0780272
0.0787727
0.0794911
0.0801818
0.0808446
0.081479
0.0820847
0.0826614
0.0832087
0.0837264
0.0842141
0.0846717
0.0850988
0.0854952
0.0858607
0.0861951
0.0864982
0.0867698
0.0870099
0.0872182
0.0873946
0.0875391
0.0876516
0.087732
0.0877963
0.0878084
0.0878446
0.0879049
0.0879893
0.0880978
0.0882305
0.0883871
0.0885679
0.0887726
0.0890014
0.0892541
0.0895307
0.0898313
0.0901556
0.0905038
0.0908758
0.0912714
0.0916907
0.0921336
0.0926
0.0930899
0.0936032
0.0941398
0.0946997
0.0952828
0.0958889
0.0965181
0.0971702
0.0978452
0.0985428
0.0992632
0.100006
0.100771
0.101559
0.102369
0.103201
0.104055
0.104931
0.105829
0.106748
0.107689
0.108652
0.109635
0.11064
0.111665
0.112712
0.113779
0.114867
0.115975
0.117104
0.118252
0.119421
0.120609
0.121817
0.123044
0.124291
0.125557
0.126842
0.128145
0.129467
0.130808
0.132166
0.133543
0.134937
0.13635
0.137779
0.139226
0.14069
0.142171
0.143669
0.145182
0.146713
0.148259
0.149821
0.151399
0.152992
0.1546
0.156223
0.157861
0.159513
0.16118
0.162861
0.164555
0.166263
0.167985
0.169719
0.171467
0.173227
0.174999
0.176784
0.17858
0.180388
0.182208
0.184039
0.18588
0.187732
0.189595
0.191468
0.193351
0.195243
0.197145
0.199055
0.200975
0.202903
0.20484
0.206784
0.208736
0.210696
0.212663
0.214637
0.216618
0.218605
0.220599
0.222598
0.224603
0.226613
0.228628
0.230648
0.232672
0.234701
0.236734
0.23877
0.24081
0.242852
0.244898
0.246946
0.248997
0.251049
0.253103
0.255159
0.257215
0.259273
0.261331
0.263389
)
;

    amplitude           nonuniform List<scalar>
    200
    (
        1.3568e-18
        1.06124e-15
        2.24416e-13
        1.71785e-11
        5.92709e-10
        1.08902e-08
        1.21133e-07
        9.01053e-07
        4.84472e-06
        2.00115e-05
        6.6614e-05
        0.000185569
        0.000445753
        0.000945681
        0.00180671
        0.00315816
        0.00511793
        0.00777372
        0.0111694
        0.015299
        0.0201083
        0.0255024
        0.0313572
        0.0375319
        0.0438808
        0.0502635
        0.0565527
        0.0626399
        0.0684389
        0.073888
        0.0789512
        0.0836182
        0.0879036
        0.0918447
        0.0954984
        0.0989356
        0.102235
        0.105478
        0.108734
        0.112062
        0.115496
        0.119043
        0.122679
        0.126347
        0.129962
        0.133414
        0.136574
        0.139308
        0.141486
        0.142989
        0.143723
        0.143617
        0.142634
        0.140763
        0.138015
        0.134422
        0.130021
        0.124853
        0.118948
        0.11232
        0.104951
        0.0967828
        0.0876838
        0.0774046
        0.0654542
        0.0585613
        0.0253604
        0.0439242
        0.0567016
        0.0670792
        0.0760374
        0.0840185
        0.0912614
        0.0979072
        0.104042
        0.109717
        0.11496
        0.119784
        0.124189
        0.128165
        0.131697
        0.134769
        0.13736
        0.139454
        0.141036
        0.1421
        0.142646
        0.142684
        0.142236
        0.141333
        0.140019
        0.138345
        0.136372
        0.134167
        0.131796
        0.129329
        0.126831
        0.124361
        0.121971
        0.119703
        0.11759
        0.115653
        0.113902
        0.11234
        0.110958
        0.109742
        0.108673
        0.107726
        0.106876
        0.106097
        0.105362
        0.104651
        0.103943
        0.103221
        0.102474
        0.101691
        0.100867
        0.0999988
        0.0990843
        0.098124
        0.0971192
        0.0960722
        0.0949856
        0.0938624
        0.0927058
        0.0915189
        0.0903049
        0.0890668
        0.0878078
        0.0865308
        0.0852384
        0.0839335
        0.0826186
        0.0812961
        0.0799684
        0.0786376
        0.0773058
        0.0759749
        0.0746468
        0.0733232
        0.0720056
        0.0706955
        0.0693943
        0.0681031
        0.0668232
        0.0655556
        0.0643013
        0.063061
        0.0618356
        0.0606257
        0.059432
        0.0582549
        0.057095
        0.0559527
        0.0548283
        0.053722
        0.0526342
        0.051565
        0.0505144
        0.0494827
        0.0484698
        0.0474758
        0.0465006
        0.0455443
        0.0446066
        0.0436876
        0.042787
        0.0419048
        0.0410407
        0.0401945
        0.0393662
        0.0385553
        0.0377618
        0.0369854
        0.0362258
        0.0354827
        0.034756
        0.0340453
        0.0333503
        0.0326708
        0.0320065
        0.0313572
        0.0307225
        0.0301021
        0.0294958
        0.0289032
        0.0283242
        0.0277583
        0.0272054
        0.0266651
        0.0261373
        0.0256215
        0.0251175
        0.0246251
        0.0241441
        0.023674
        0.0232148
        0.0227661
        0.0223277
        0.0218993
    );
    frequency           nonuniform List<scalar>
    200
    (
        0.0299515
        0.0313232
        0.0326938
        0.0340626
        0.0354286
        0.0367913
        0.0381499
        0.0395036
        0.0408516
        0.0421933
        0.0435279
        0.0448546
        0.0461728
        0.0474817
        0.0487805
        0.0500687
        0.0513454
        0.05261
        0.0538617
        0.0550999
        0.0563239
        0.0575331
        0.0587267
        0.0599041
        0.0610647
        0.0622078
        0.0633328
        0.0644391
        0.065526
        0.066593
        0.0676395
        0.0686649
        0.0696686
        0.0706502
        0.071609
        0.0725445
        0.0734562
        0.0743437
        0.0752063
        0.0760437
        0.0768554
        0.077641
        0.0783999
        0.0791319
        0.0798364
        0.0805132
        0.0811618
        0.0817818
        0.082373
        0.082935
        0.0834675
        0.0839703
        0.0844429
        0.0848852
        0.085297
        0.0856779
        0.0860279
        0.0863466
        0.086634
        0.0868899
        0.087114
        0.0873064
        0.0874669
        0.0875954
        0.0876918
        0.0877641
        0.0878023
        0.0878265
        0.0878747
        0.0879471
        0.0880436
        0.0881641
        0.0883088
        0.0884775
        0.0886702
        0.088887
        0.0891277
        0.0893924
        0.089681
        0.0899934
        0.0903297
        0.0906898
        0.0910736
        0.0914811
        0.0919121
        0.0923668
        0.092845
        0.0933466
        0.0938715
        0.0944198
        0.0949912
        0.0955858
        0.0962035
        0.0968442
        0.0975077
        0.098194
        0.098903
        0.0996346
        0.100389
        0.101165
        0.101964
        0.102785
        0.103628
        0.104493
        0.10538
        0.106289
        0.107219
        0.10817
        0.109143
        0.110137
        0.111153
        0.112189
        0.113246
        0.114323
        0.115421
        0.11654
        0.117678
        0.118837
        0.120015
        0.121213
        0.122431
        0.123668
        0.124924
        0.126199
        0.127493
        0.128806
        0.130137
        0.131487
        0.132855
        0.13424
        0.135644
        0.137064
        0.138503
        0.139958
        0.141431
        0.14292
        0.144425
        0.145948
        0.147486
        0.14904
        0.15061
        0.152195
        0.153796
        0.155411
        0.157042
        0.158687
        0.160347
        0.16202
        0.163708
        0.165409
        0.167124
        0.168852
        0.170593
        0.172347
        0.174113
        0.175891
        0.177682
        0.179484
        0.181298
        0.183123
        0.184959
        0.186806
        0.188664
        0.190531
        0.192409
        0.194297
        0.196194
        0.1981
        0.200015
        0.201939
        0.203871
        0.205812
        0.20776
        0.209716
        0.21168
        0.21365
        0.215628
        0.217612
        0.219602
        0.221598
        0.2236
        0.225608
        0.22762
        0.229638
        0.23166
        0.233687
        0.235717
        0.237752
        0.23979
        0.241831
        0.243875
        0.245922
        0.247971
        0.250023
        0.252076
        0.254131
        0.256187
        0.258244
        0.260302
        0.26236
    );
    phaselag            nonuniform List<scalar>
    200
    (
        1.12089
        2.51125
        1.04677
        1.3328
        0.389154
        0.340234
        1.73206
        0.300068
        2.01711
        1.71364
        2.31056
        1.39717
        1.38015
        1.26755
        0.277187
        2.16091
        4.06933
        0.939111
        0.186408
        5.51974
        4.11812
        3.31528
        3.17839
        5.75346
        1.18177
        0.748679
        0.365033
        4.52345
        4.00575
        5.53452
        2.58905
        5.12664
        1.76258
        3.63582
        0.176257
        2.15173
        3.97605
        1.90831
        2.4518
        5.99316
        3.62195
        4.76236
        1.10715
        5.0021
        6.02991
        1.38434
        0.879825
        3.81606
        2.32345
        1.06623
        3.05261
        0.158378
        4.38152
        6.231
        5.91184
        5.56329
        0.696498
        6.27687
        3.80355
        4.70225
        5.52821
        0.109411
        3.5457
        1.0076
        3.74523
        3.72196
        3.15933
        1.4381
        5.63028
        5.61114
        1.14807
        2.96904
        4.09031
        2.25522
        1.68795
        3.83704
        3.63956
        2.56778
        1.36991
        5.963
        3.63401
        4.42252
        6.12138
        1.73234
        4.37034
        5.75004
        1.01244
        5.06684
        5.74372
        4.81599
        3.4859
        4.98874
        4.92541
        0.748423
        5.99634
        2.38745
        4.47038
        2.87249
        3.82554
        3.81748
        2.20044
        4.97362
        0.503333
        0.00756762
        0.945652
        2.19129
        3.84461
        4.58521
        4.75906
        5.21452
        4.26503
        2.10989
        3.35386
        4.10322
        3.84223
        1.44102
        3.57007
        4.85467
        0.224672
        3.03061
        3.38748
        3.71058
        1.73617
        2.0297
        4.459
        1.44932
        4.41715
        2.6462
        4.32181
        1.95951
        0.180489
        0.23907
        0.649941
        0.683822
        0.246637
        1.59559
        2.87511
        4.09125
        6.1808
        1.35099
        3.02258
        4.16264
        3.46087
        0.0932557
        1.98268
        1.01992
        1.53427
        5.55275
        5.87459
        1.75895
        2.30018
        2.97889
        5.46952
        4.03634
        5.00859
        3.64533
        5.48566
        3.14256
        0.0083477
        3.52429
        5.10206
        0.188836
        3.76336
        5.75201
        0.872658
        4.01
        1.06441
        3.74777
        1.81806
        0.96203
        5.09875
        4.84064
        5.12467
        2.27644
        4.93389
        0.824169
        3.29636
        0.184981
        0.0937355
        2.88776
        1.94393
        2.39391
        5.86665
        1.13026
        0.147066
        4.59205
        4.7756
        5.63273
        1.45142
        4.78395
        2.87383
        0.270303
        4.97278
        0.354007
        6.02231
        5.84544
        4.364
        0.803537
        3.31002
        6.18206
    );
    waveNumber          nonuniform List<vector>
    200
    (
        (0.0148004 0 0)
        (0.0154931 0 0)
        (0.0161873 0 0)
        (0.0168826 0 0)
        (0.0175788 0 0)
        (0.0182756 0 0)
        (0.0189726 0 0)
        (0.0196696 0 0)
        (0.0203662 0 0)
        (0.0210622 0 0)
        (0.0217571 0 0)
        (0.0224508 0 0)
        (0.0231427 0 0)
        (0.0238327 0 0)
        (0.0245202 0 0)
        (0.0252051 0 0)
        (0.0258869 0 0)
        (0.0265653 0 0)
        (0.0272398 0 0)
        (0.0279102 0 0)
        (0.0285759 0 0)
        (0.0292367 0 0)
        (0.0298922 0 0)
        (0.0305419 0 0)
        (0.0311853 0 0)
        (0.0318222 0 0)
        (0.0324521 0 0)
        (0.0330745 0 0)
        (0.0336891 0 0)
        (0.0342953 0 0)
        (0.0348929 0 0)
        (0.0354812 0 0)
        (0.0360599 0 0)
        (0.0366285 0 0)
        (0.0371866 0 0)
        (0.0377337 0 0)
        (0.0382694 0 0)
        (0.0387933 0 0)
        (0.0393048 0 0)
        (0.0398036 0 0)
        (0.0402892 0 0)
        (0.0407612 0 0)
        (0.0412191 0 0)
        (0.0416625 0 0)
        (0.042091 0 0)
        (0.0425042 0 0)
        (0.0429016 0 0)
        (0.043283 0 0)
        (0.0436478 0 0)
        (0.0439959 0 0)
        (0.0443266 0 0)
        (0.0446399 0 0)
        (0.0449352 0 0)
        (0.0452123 0 0)
        (0.045471 0 0)
        (0.0457108 0 0)
        (0.0459316 0 0)
        (0.0461332 0 0)
        (0.0463152 0 0)
        (0.0464775 0 0)
        (0.04662 0 0)
        (0.0467424 0 0)
        (0.0468446 0 0)
        (0.0469265 0 0)
        (0.046988 0 0)
        (0.0470342 0 0)
        (0.0470585 0 0)
        (0.0470739 0 0)
        (0.0471048 0 0)
        (0.047151 0 0)
        (0.0472127 0 0)
        (0.0472898 0 0)
        (0.0473824 0 0)
        (0.0474905 0 0)
        (0.0476142 0 0)
        (0.0477534 0 0)
        (0.0479083 0 0)
        (0.0480788 0 0)
        (0.0482651 0 0)
        (0.0484671 0 0)
        (0.048685 0 0)
        (0.0489188 0 0)
        (0.0491687 0 0)
        (0.0494346 0 0)
        (0.0497166 0 0)
        (0.050015 0 0)
        (0.0503297 0 0)
        (0.0506609 0 0)
        (0.0510086 0 0)
        (0.0513731 0 0)
        (0.0517545 0 0)
        (0.0521528 0 0)
        (0.0525682 0 0)
        (0.0530009 0 0)
        (0.0534511 0 0)
        (0.0539188 0 0)
        (0.0544044 0 0)
        (0.0549079 0 0)
        (0.0554296 0 0)
        (0.0559697 0 0)
        (0.0565284 0 0)
        (0.0571059 0 0)
        (0.0577025 0 0)
        (0.0583184 0 0)
        (0.0589539 0 0)
        (0.0596092 0 0)
        (0.0602847 0 0)
        (0.0609806 0 0)
        (0.0616972 0 0)
        (0.062435 0 0)
        (0.0631941 0 0)
        (0.063975 0 0)
        (0.0647781 0 0)
        (0.0656036 0 0)
        (0.0664521 0 0)
        (0.0673239 0 0)
        (0.0682195 0 0)
        (0.0691392 0 0)
        (0.0700836 0 0)
        (0.0710532 0 0)
        (0.0720484 0 0)
        (0.0730697 0 0)
        (0.0741177 0 0)
        (0.0751929 0 0)
        (0.0762959 0 0)
        (0.0774273 0 0)
        (0.0785876 0 0)
        (0.0797775 0 0)
        (0.0809975 0 0)
        (0.0822484 0 0)
        (0.0835308 0 0)
        (0.0848454 0 0)
        (0.0861928 0 0)
        (0.0875738 0 0)
        (0.088989 0 0)
        (0.0904393 0 0)
        (0.0919252 0 0)
        (0.0934476 0 0)
        (0.0950072 0 0)
        (0.0966048 0 0)
        (0.0982411 0 0)
        (0.0999168 0 0)
        (0.101633 0 0)
        (0.10339 0 0)
        (0.105188 0 0)
        (0.107029 0 0)
        (0.108913 0 0)
        (0.110841 0 0)
        (0.112813 0 0)
        (0.114831 0 0)
        (0.116894 0 0)
        (0.119004 0 0)
        (0.12116 0 0)
        (0.123365 0 0)
        (0.125617 0 0)
        (0.127917 0 0)
        (0.130267 0 0)
        (0.132666 0 0)
        (0.135114 0 0)
        (0.137612 0 0)
        (0.140161 0 0)
        (0.142759 0 0)
        (0.145409 0 0)
        (0.148109 0 0)
        (0.15086 0 0)
        (0.153661 0 0)
        (0.156513 0 0)
        (0.159416 0 0)
        (0.162369 0 0)
        (0.165373 0 0)
        (0.168426 0 0)
        (0.17153 0 0)
        (0.174684 0 0)
        (0.177886 0 0)
        (0.181138 0 0)
        (0.184439 0 0)
        (0.187788 0 0)
        (0.191185 0 0)
        (0.19463 0 0)
        (0.198121 0 0)
        (0.201659 0 0)
        (0.205244 0 0)
        (0.208874 0 0)
        (0.212549 0 0)
        (0.216269 0 0)
        (0.220033 0 0)
        (0.223841 0 0)
        (0.227692 0 0)
        (0.231586 0 0)
        (0.235521 0 0)
        (0.239498 0 0)
        (0.243515 0 0)
        (0.247573 0 0)
        (0.251671 0 0)
        (0.255807 0 0)
        (0.259982 0 0)
        (0.264195 0 0)
        (0.268445 0 0)
        (0.272731 0 0)
        (0.277053 0 0)
    );

    frequencyAxis
    {
        discretisation      cosineStretchedFrequencyAxis;
        lowerFrequencyCutoff 0.0292654;
        upperFrequencyCutoff 0.263389;
        writeSpectrum       true;
    }

    relaxationZone
    {
        relaxationScheme    Spatial;
        relaxationShape     Rectangular;
        beachType           Empty;
        relaxType           INLET;
        startX              ( 0 0 -1 );
        endX                ( 400 0 1 );
        orientation         ( 1 0 0 );
        fieldNames          ( alpha.water U );
    }
}

initCoeffs
{
    waveType            potentialCurrent;
    U                   ( 0 0 0 );
    Tsoft               22.78;
}



// ************************************************************************* //
