/*--------------------------------*- C++ -*----------------------------------*\
| =========                 |                                                 |
| \\      /  F ield         | OpenFOAM: The Open Source CFD Toolbox           |
|  \\    /   O peration     | Version:  v1912                                 |
|   \\  /    A nd           | Website:  www.openfoam.com                      |
|    \\/     M anipulation  |                                                 |
\*---------------------------------------------------------------------------*/
FoamFile
{
    version	2.0;
    format	ascii;
    class	dictionary;
    object	waveProperties;
}
// * * * * * * * * * * * * * * * * * * * * * * * * * * * * * * * * * * * * * //

seaLevel            -1;

seaLevelAsReference true;

relaxationNames     ( inlet );

initializationName  init;

inletCoeffs
{
    waveType            irregular;
    spectrum            JONSWAP;
    N                   200;
    Tsoft               17.98;
    Hs                  5.88;
    Tp                  8.99;
    gamma               3.3;
    depth               14;
    direction           ( 1 0 0 );
    spectramValues  nonuniform List<scalar> 
201
(
1.64535e-40
3.02324e-33
1.85057e-27
8.2843e-23
4.86153e-19
5.79632e-16
1.95805e-13
2.41823e-11
1.32995e-09
3.79915e-08
6.36278e-07
6.87713e-06
5.1791e-05
0.000289028
0.00125632
0.00442937
0.0130937
0.0333513
0.0748658
0.150907
0.277445
0.471383
0.748323
1.12038
1.59455
2.17187
2.84747
3.61143
4.45025
5.34858
6.29129
7.26537
8.26175
9.27678
10.3133
11.3809
12.4962
13.6816
14.9641
16.3735
17.9403
19.6924
21.6525
23.8347
26.2411
28.8587
31.6583
34.5936
37.6039
40.6176
43.5588
46.3536
48.9368
51.2576
53.2825
54.9967
56.4027
57.5177
58.3703
58.9958
59.4333
59.7218
59.8984
59.996
60.0424
60.0597
60.0639
60.0638
60.0624
60.0562
60.0396
60.0047
59.9414
59.8374
59.6786
59.4494
59.1325
58.71
58.1637
57.4763
56.6316
55.6163
54.4205
53.0395
51.4736
49.7302
47.8228
45.7719
43.6037
41.3497
39.0445
36.7243
34.4252
32.1808
30.0211
27.9711
26.0498
24.2705
22.6402
21.161
19.8298
18.6403
17.583
16.6465
15.8181
15.0847
14.433
13.8501
13.3243
12.8447
12.4016
11.987
11.5941
11.2175
10.8533
10.4985
10.151
9.8097
9.47393
9.14342
8.81824
8.49857
8.18473
7.87706
7.5759
7.28157
6.99436
6.71452
6.44224
6.1777
5.92102
5.67228
5.43152
5.19875
4.97397
4.75711
4.54811
4.34688
4.15329
3.96721
3.7885
3.617
3.45252
3.29489
3.14393
2.99942
2.86118
2.729
2.60267
2.482
2.36678
2.25681
2.15188
2.05181
1.95638
1.86543
1.77875
1.69616
1.6175
1.54259
1.47126
1.40335
1.3387
1.27718
1.21862
1.1629
1.10988
1.05943
1.01143
0.965759
0.922307
0.880965
0.841631
0.804206
0.768595
0.73471
0.702465
0.671778
0.642572
0.614773
0.588311
0.563119
0.539133
0.516294
0.494543
0.473826
0.454092
0.43529
0.417375
0.400302
0.384029
0.368515
0.353724
0.339618
0.326165
0.31333
0.301085
0.289399
0.278245
0.267597
0.25743
)
;

    fspectrum       nonuniform List<scalar> 
201
(
0.0370782
0.0388167
0.0405541
0.0422897
0.0440224
0.0457512
0.0474753
0.0491937
0.0509055
0.0526096
0.0543052
0.0559913
0.057667
0.0593315
0.0609836
0.0626227
0.0642477
0.0658578
0.067452
0.0690296
0.0705896
0.0721311
0.0736535
0.0751557
0.076637
0.0780965
0.0795335
0.0809471
0.0823367
0.0837014
0.0850404
0.0863531
0.0876387
0.0888965
0.0901258
0.091326
0.0924964
0.0936363
0.0947451
0.0958222
0.096867
0.097879
0.0988576
0.0998022
0.100712
0.101587
0.102427
0.103231
0.103998
0.104729
0.105422
0.106078
0.106696
0.107276
0.107817
0.108319
0.108782
0.109206
0.10959
0.109934
0.110238
0.110502
0.110726
0.110909
0.111051
0.111153
0.111235
0.11125
0.111296
0.111372
0.111479
0.111617
0.111785
0.111983
0.112212
0.112472
0.112761
0.113082
0.113432
0.113813
0.114224
0.114665
0.115136
0.115638
0.116169
0.11673
0.117321
0.117941
0.118592
0.119272
0.119981
0.12072
0.121488
0.122285
0.123111
0.123966
0.12485
0.125763
0.126704
0.127674
0.128672
0.129698
0.130752
0.131834
0.132944
0.134081
0.135246
0.136438
0.137657
0.138904
0.140177
0.141476
0.142802
0.144154
0.145532
0.146936
0.148366
0.149821
0.151302
0.152807
0.154338
0.155893
0.157472
0.159076
0.160704
0.162355
0.16403
0.165728
0.16745
0.169194
0.170961
0.17275
0.174561
0.176394
0.178249
0.180125
0.182023
0.183941
0.18588
0.187839
0.189818
0.191816
0.193835
0.195872
0.197929
0.200004
0.202097
0.204209
0.206338
0.208485
0.210649
0.21283
0.215028
0.217242
0.219472
0.221717
0.223978
0.226255
0.228545
0.230851
0.23317
0.235503
0.23785
0.24021
0.242583
0.244968
0.247366
0.249775
0.252196
0.254628
0.257071
0.259524
0.261988
0.264461
0.266944
0.269437
0.271938
0.274447
0.276965
0.27949
0.282023
0.284563
0.28711
0.289663
0.292222
0.294787
0.297358
0.299933
0.302513
0.305097
0.307685
0.310277
0.312872
0.31547
0.31807
0.320672
0.323276
0.325882
0.328489
0.331096
0.333704
)
;

    amplitude           nonuniform List<scalar>
    200
    (
        2.29252e-18
        1.79312e-15
        3.79186e-13
        2.90258e-11
        1.00147e-09
        1.84007e-08
        2.04673e-07
        1.52247e-06
        8.1859e-06
        3.38125e-05
        0.000112555
        0.000313547
        0.000753169
        0.00159788
        0.00305272
        0.00533621
        0.00864754
        0.0131349
        0.0188725
        0.0258501
        0.0339761
        0.0430903
        0.0529829
        0.063416
        0.0741434
        0.0849279
        0.0955546
        0.10584
        0.115638
        0.124845
        0.1334
        0.141286
        0.148527
        0.155186
        0.161359
        0.167167
        0.172743
        0.178221
        0.183723
        0.189347
        0.195149
        0.201142
        0.207285
        0.213483
        0.219591
        0.225423
        0.230763
        0.235383
        0.239063
        0.241603
        0.242842
        0.242664
        0.241003
        0.23784
        0.233198
        0.227126
        0.219691
        0.210959
        0.200982
        0.189782
        0.177332
        0.16353
        0.148155
        0.130787
        0.110595
        0.0989484
        0.0428503
        0.0742168
        0.0958061
        0.113341
        0.128477
        0.141962
        0.1542
        0.165429
        0.175795
        0.185383
        0.194243
        0.202394
        0.209836
        0.216554
        0.222523
        0.227713
        0.232091
        0.235629
        0.238302
        0.2401
        0.241022
        0.241087
        0.24033
        0.238804
        0.236583
        0.233755
        0.230422
        0.226696
        0.22269
        0.218522
        0.214301
        0.210128
        0.206089
        0.202257
        0.198687
        0.195413
        0.192455
        0.189815
        0.187481
        0.185427
        0.18362
        0.18202
        0.180584
        0.179267
        0.178026
        0.176824
        0.175627
        0.174408
        0.173145
        0.171823
        0.170431
        0.168963
        0.167418
        0.165796
        0.164098
        0.162329
        0.160493
        0.158595
        0.156641
        0.154635
        0.152584
        0.150492
        0.148365
        0.146207
        0.144024
        0.141819
        0.139597
        0.137362
        0.135119
        0.13287
        0.13062
        0.128371
        0.126127
        0.123891
        0.121665
        0.119451
        0.117252
        0.115071
        0.112908
        0.110766
        0.108647
        0.106551
        0.104481
        0.102436
        0.10042
        0.0984307
        0.0964709
        0.0945408
        0.0926409
        0.0907717
        0.0889337
        0.087127
        0.085352
        0.0836087
        0.0818973
        0.0802177
        0.0785701
        0.0769541
        0.0753698
        0.0738169
        0.0722953
        0.0708046
        0.0693446
        0.0679149
        0.0665152
        0.0651452
        0.0638044
        0.0624925
        0.061209
        0.0599535
        0.0587256
        0.0575247
        0.0563505
        0.0552024
        0.05408
        0.0529828
        0.0519104
        0.0508621
        0.0498377
        0.0488365
        0.0478581
        0.046902
        0.0459677
        0.0450549
        0.0441629
        0.0432915
        0.0424399
        0.041608
        0.0407951
        0.0400009
        0.039225
        0.0384668
        0.0377261
        0.0370023
    );
    frequency           nonuniform List<scalar>
    200
    (
        0.0379474
        0.0396854
        0.0414219
        0.043156
        0.0448868
        0.0466133
        0.0483345
        0.0500496
        0.0517575
        0.0534574
        0.0551482
        0.0568292
        0.0584992
        0.0601575
        0.0618032
        0.0634352
        0.0650527
        0.0666549
        0.0682408
        0.0698096
        0.0713604
        0.0728923
        0.0744046
        0.0758963
        0.0773667
        0.078815
        0.0802403
        0.0816419
        0.083019
        0.0843709
        0.0856968
        0.0869959
        0.0882676
        0.0895112
        0.0907259
        0.0919112
        0.0930663
        0.0941907
        0.0952836
        0.0963446
        0.097373
        0.0983683
        0.0993299
        0.100257
        0.10115
        0.102007
        0.102829
        0.103615
        0.104364
        0.105076
        0.10575
        0.106387
        0.106986
        0.107546
        0.108068
        0.108551
        0.108994
        0.109398
        0.109762
        0.110086
        0.11037
        0.110614
        0.110817
        0.11098
        0.111102
        0.111194
        0.111242
        0.111273
        0.111334
        0.111426
        0.111548
        0.111701
        0.111884
        0.112098
        0.112342
        0.112617
        0.112922
        0.113257
        0.113623
        0.114018
        0.114444
        0.114901
        0.115387
        0.115903
        0.116449
        0.117025
        0.117631
        0.118267
        0.118932
        0.119626
        0.12035
        0.121104
        0.121886
        0.122698
        0.123539
        0.124408
        0.125306
        0.126233
        0.127189
        0.128173
        0.129185
        0.130225
        0.131293
        0.132389
        0.133513
        0.134664
        0.135842
        0.137048
        0.138281
        0.13954
        0.140826
        0.142139
        0.143478
        0.144843
        0.146234
        0.147651
        0.149094
        0.150562
        0.152055
        0.153573
        0.155115
        0.156682
        0.158274
        0.15989
        0.161529
        0.163192
        0.164879
        0.166589
        0.168322
        0.170077
        0.171855
        0.173656
        0.175478
        0.177322
        0.179187
        0.181074
        0.182982
        0.18491
        0.186859
        0.188828
        0.190817
        0.192826
        0.194854
        0.196901
        0.198966
        0.201051
        0.203153
        0.205274
        0.207412
        0.209567
        0.21174
        0.213929
        0.216135
        0.218357
        0.220595
        0.222848
        0.225116
        0.2274
        0.229698
        0.23201
        0.234337
        0.236677
        0.23903
        0.241396
        0.243775
        0.246167
        0.24857
        0.250985
        0.253412
        0.255849
        0.258298
        0.260756
        0.263225
        0.265703
        0.268191
        0.270687
        0.273192
        0.275706
        0.278228
        0.280757
        0.283293
        0.285837
        0.288387
        0.290943
        0.293505
        0.296073
        0.298645
        0.301223
        0.303805
        0.306391
        0.308981
        0.311574
        0.314171
        0.31677
        0.319371
        0.321974
        0.324579
        0.327185
        0.329793
        0.3324
    );
    phaselag            nonuniform List<scalar>
    200
    (
        1.12089
        2.51125
        1.04677
        1.3328
        0.389154
        0.340234
        1.73206
        0.300068
        2.01711
        1.71364
        2.31056
        1.39717
        1.38015
        1.26755
        0.277187
        2.16091
        4.06933
        0.939111
        0.186408
        5.51974
        4.11812
        3.31528
        3.17839
        5.75346
        1.18177
        0.748679
        0.365033
        4.52345
        4.00575
        5.53452
        2.58905
        5.12664
        1.76258
        3.63582
        0.176257
        2.15173
        3.97605
        1.90831
        2.4518
        5.99316
        3.62195
        4.76236
        1.10715
        5.0021
        6.02991
        1.38434
        0.879825
        3.81606
        2.32345
        1.06623
        3.05261
        0.158378
        4.38152
        6.231
        5.91184
        5.56329
        0.696498
        6.27687
        3.80355
        4.70225
        5.52821
        0.109411
        3.5457
        1.0076
        3.74523
        3.72196
        3.15933
        1.4381
        5.63028
        5.61114
        1.14807
        2.96904
        4.09031
        2.25522
        1.68795
        3.83704
        3.63956
        2.56778
        1.36991
        5.963
        3.63401
        4.42252
        6.12138
        1.73234
        4.37034
        5.75004
        1.01244
        5.06684
        5.74372
        4.81599
        3.4859
        4.98874
        4.92541
        0.748423
        5.99634
        2.38745
        4.47038
        2.87249
        3.82554
        3.81748
        2.20044
        4.97362
        0.503333
        0.00756762
        0.945652
        2.19129
        3.84461
        4.58521
        4.75906
        5.21452
        4.26503
        2.10989
        3.35386
        4.10322
        3.84223
        1.44102
        3.57007
        4.85467
        0.224672
        3.03061
        3.38748
        3.71058
        1.73617
        2.0297
        4.459
        1.44932
        4.41715
        2.6462
        4.32181
        1.95951
        0.180489
        0.23907
        0.649941
        0.683822
        0.246637
        1.59559
        2.87511
        4.09125
        6.1808
        1.35099
        3.02258
        4.16264
        3.46087
        0.0932557
        1.98268
        1.01992
        1.53427
        5.55275
        5.87459
        1.75895
        2.30018
        2.97889
        5.46952
        4.03634
        5.00859
        3.64533
        5.48566
        3.14256
        0.0083477
        3.52429
        5.10206
        0.188836
        3.76336
        5.75201
        0.872658
        4.01
        1.06441
        3.74777
        1.81806
        0.96203
        5.09875
        4.84064
        5.12467
        2.27644
        4.93389
        0.824169
        3.29636
        0.184981
        0.0937355
        2.88776
        1.94393
        2.39391
        5.86665
        1.13026
        0.147066
        4.59205
        4.7756
        5.63273
        1.45142
        4.78395
        2.87383
        0.270303
        4.97278
        0.354007
        6.02231
        5.84544
        4.364
        0.803537
        3.31002
        6.18206
    );
    waveNumber          nonuniform List<vector>
    200
    (
        (0.0206245 0 0)
        (0.0215969 0 0)
        (0.0225723 0 0)
        (0.0235503 0 0)
        (0.0245307 0 0)
        (0.0255129 0 0)
        (0.0264967 0 0)
        (0.0274815 0 0)
        (0.0284671 0 0)
        (0.029453 0 0)
        (0.0304388 0 0)
        (0.031424 0 0)
        (0.0324082 0 0)
        (0.033391 0 0)
        (0.0343718 0 0)
        (0.0353502 0 0)
        (0.0363257 0 0)
        (0.0372977 0 0)
        (0.0382658 0 0)
        (0.0392294 0 0)
        (0.040188 0 0)
        (0.0411409 0 0)
        (0.0420877 0 0)
        (0.0430277 0 0)
        (0.0439602 0 0)
        (0.0448848 0 0)
        (0.0458007 0 0)
        (0.0467073 0 0)
        (0.047604 0 0)
        (0.04849 0 0)
        (0.0493647 0 0)
        (0.0502274 0 0)
        (0.0510773 0 0)
        (0.0519139 0 0)
        (0.0527363 0 0)
        (0.0535438 0 0)
        (0.0543358 0 0)
        (0.0551114 0 0)
        (0.05587 0 0)
        (0.0566108 0 0)
        (0.0573331 0 0)
        (0.0580361 0 0)
        (0.0587191 0 0)
        (0.0593814 0 0)
        (0.0600224 0 0)
        (0.0606412 0 0)
        (0.0612372 0 0)
        (0.0618098 0 0)
        (0.0623582 0 0)
        (0.0628819 0 0)
        (0.0633802 0 0)
        (0.0638525 0 0)
        (0.0642983 0 0)
        (0.064717 0 0)
        (0.065108 0 0)
        (0.065471 0 0)
        (0.0658054 0 0)
        (0.0661108 0 0)
        (0.0663868 0 0)
        (0.0666331 0 0)
        (0.0668493 0 0)
        (0.0670351 0 0)
        (0.0671904 0 0)
        (0.0673148 0 0)
        (0.0674083 0 0)
        (0.0674785 0 0)
        (0.0675156 0 0)
        (0.067539 0 0)
        (0.0675859 0 0)
        (0.0676562 0 0)
        (0.06775 0 0)
        (0.0678673 0 0)
        (0.0680082 0 0)
        (0.0681728 0 0)
        (0.0683611 0 0)
        (0.0685732 0 0)
        (0.0688092 0 0)
        (0.0690692 0 0)
        (0.0693534 0 0)
        (0.0696619 0 0)
        (0.0699948 0 0)
        (0.0703522 0 0)
        (0.0707344 0 0)
        (0.0711416 0 0)
        (0.0715739 0 0)
        (0.0720316 0 0)
        (0.0725148 0 0)
        (0.0730239 0 0)
        (0.073559 0 0)
        (0.0741205 0 0)
        (0.0747087 0 0)
        (0.0753238 0 0)
        (0.0759662 0 0)
        (0.0766362 0 0)
        (0.0773342 0 0)
        (0.0780606 0 0)
        (0.0788157 0 0)
        (0.0796001 0 0)
        (0.080414 0 0)
        (0.081258 0 0)
        (0.0821327 0 0)
        (0.0830383 0 0)
        (0.0839757 0 0)
        (0.0849451 0 0)
        (0.0859474 0 0)
        (0.0869829 0 0)
        (0.0880525 0 0)
        (0.0891567 0 0)
        (0.0902962 0 0)
        (0.0914718 0 0)
        (0.0926842 0 0)
        (0.0939341 0 0)
        (0.0952223 0 0)
        (0.0965497 0 0)
        (0.0979171 0 0)
        (0.0993254 0 0)
        (0.100776 0 0)
        (0.102268 0 0)
        (0.103805 0 0)
        (0.105386 0 0)
        (0.107013 0 0)
        (0.108687 0 0)
        (0.110409 0 0)
        (0.112179 0 0)
        (0.114 0 0)
        (0.115871 0 0)
        (0.117795 0 0)
        (0.119773 0 0)
        (0.121805 0 0)
        (0.123893 0 0)
        (0.126038 0 0)
        (0.128241 0 0)
        (0.130504 0 0)
        (0.132827 0 0)
        (0.135212 0 0)
        (0.13766 0 0)
        (0.140172 0 0)
        (0.142748 0 0)
        (0.145392 0 0)
        (0.148102 0 0)
        (0.150881 0 0)
        (0.153729 0 0)
        (0.156647 0 0)
        (0.159636 0 0)
        (0.162697 0 0)
        (0.16583 0 0)
        (0.169037 0 0)
        (0.172318 0 0)
        (0.175673 0 0)
        (0.179103 0 0)
        (0.182609 0 0)
        (0.186191 0 0)
        (0.189849 0 0)
        (0.193584 0 0)
        (0.197395 0 0)
        (0.201283 0 0)
        (0.205248 0 0)
        (0.20929 0 0)
        (0.213409 0 0)
        (0.217604 0 0)
        (0.221877 0 0)
        (0.226226 0 0)
        (0.230652 0 0)
        (0.235154 0 0)
        (0.239732 0 0)
        (0.244386 0 0)
        (0.249116 0 0)
        (0.25392 0 0)
        (0.2588 0 0)
        (0.263753 0 0)
        (0.268781 0 0)
        (0.273883 0 0)
        (0.279058 0 0)
        (0.284306 0 0)
        (0.289627 0 0)
        (0.295019 0 0)
        (0.300484 0 0)
        (0.306019 0 0)
        (0.311625 0 0)
        (0.317301 0 0)
        (0.323047 0 0)
        (0.328862 0 0)
        (0.334746 0 0)
        (0.340697 0 0)
        (0.346716 0 0)
        (0.352802 0 0)
        (0.358955 0 0)
        (0.365173 0 0)
        (0.371455 0 0)
        (0.377803 0 0)
        (0.384214 0 0)
        (0.390687 0 0)
        (0.397223 0 0)
        (0.403821 0 0)
        (0.410479 0 0)
        (0.417196 0 0)
        (0.423973 0 0)
        (0.430808 0 0)
        (0.4377 0 0)
        (0.444648 0 0)
    );

    frequencyAxis
    {
        discretisation      cosineStretchedFrequencyAxis;
        lowerFrequencyCutoff 0.0370782;
        upperFrequencyCutoff 0.333704;
        writeSpectrum       true;
    }

    relaxationZone
    {
        relaxationScheme    Spatial;
        relaxationShape     Rectangular;
        beachType           Empty;
        relaxType           INLET;
        startX              ( 0 0 -1 );
        endX                ( 400 0 1 );
        orientation         ( 1 0 0 );
        fieldNames          ( alpha.water U );
    }
}

initCoeffs
{
    waveType            potentialCurrent;
    U                   ( 0 0 0 );
    Tsoft               17.98;
}



// ************************************************************************* //
