Time	gauge_0	gauge_1	gauge_2	gauge_3	gauge_4	gauge_5	gauge_6	gauge_7	gauge_8	gauge_9	gauge_10
-1	400	455	510	565	620	675	730	785	840	895	950
-2	-9.69	-9.69	-9.43659	-9.63161	-9	-6.25	-3.5	-2.5	-2.5	-2.5	-2.5
-3	0.05	0.05	0.05	0.05	0.05	0.05	0.05	0.05	0.05	0.05	0.05
0.01980061375	-0.17	-0.17	-0.17	-0.17	-0.17	-0.17	-0.17	-0.17	-0.17	-0.17	-0.187833
0.0372914591	-0.17	-0.17	-0.17	-0.17	-0.17	-0.17	-0.170001	-0.17	-0.17	-0.17	-0.187962
0.05995284462	-0.17	-0.17	-0.17	-0.17	-0.17	-0.17	-0.170001	-0.17	-0.17	-0.17	-0.188129
0.08006726952	-0.17	-0.17	-0.17	-0.17	-0.17	-0.17	-0.170002	-0.17	-0.17	-0.17	-0.188254
0.09888521908	-0.17	-0.17	-0.17	-0.17	-0.17	-0.17	-0.170003	-0.17	-0.17	-0.17	-0.188349
0.1209190211	-0.17	-0.17	-0.17	-0.17	-0.17	-0.17	-0.170005	-0.17	-0.17	-0.17	-0.188435
0.1419274898	-0.17	-0.17	-0.17	-0.17	-0.17	-0.17	-0.170006	-0.17	-0.17	-0.17	-0.188494
0.1580637401	-0.17	-0.17	-0.17	-0.17	-0.17	-0.17	-0.170008	-0.17	-0.17	-0.17	-0.188524
0.180237363	-0.17	-0.17	-0.17	-0.17	-0.17	-0.17	-0.17001	-0.17	-0.17	-0.17	-0.188545
0.2008606403	-0.17	-0.17	-0.17	-0.17	-0.17	-0.17	-0.170012	-0.17	-0.17	-0.17	-0.188546
0.2207621131	-0.17	-0.17	-0.17	-0.17	-0.17	-0.17	-0.170015	-0.17	-0.17	-0.17	-0.18853
0.2404730227	-0.17	-0.17	-0.17	-0.17	-0.17	-0.17	-0.170017	-0.17	-0.17	-0.17	-0.188498
0.2598896581	-0.17	-0.17	-0.17	-0.17	-0.17	-0.17	-0.17002	-0.17	-0.17	-0.17	-0.188453
0.2813485967	-0.17	-0.17	-0.17	-0.17	-0.17	-0.17	-0.170024	-0.17	-0.17	-0.17	-0.188388
0.2991535435	-0.17	-0.17	-0.17	-0.17	-0.17	-0.17	-0.170027	-0.17	-0.17	-0.17	-0.188323
0.319529271	-0.17	-0.17	-0.17	-0.17	-0.17	-0.17	-0.170031	-0.17	-0.17	-0.17	-0.188235
0.3399049985	-0.17	-0.17	-0.17	-0.17	-0.17	-0.17	-0.170035	-0.17	-0.17	-0.17	-0.188135
0.3601127941	-0.17	-0.17	-0.17	-0.17	-0.17	-0.17	-0.170039	-0.17	-0.17	-0.17	-0.188024
0.3795184235	-0.17	-0.17	-0.17	-0.17	-0.17	-0.17	-0.170043	-0.17	-0.17	-0.17	-0.187907
0.4012187984	-0.17	-0.17	-0.17	-0.17	-0.17	-0.17	-0.170048	-0.17	-0.17	-0.17	-0.187765
0.4199071338	-0.17	-0.17	-0.17	-0.17	-0.17	-0.17	-0.170053	-0.17	-0.17	-0.17	-0.187634
0.4412652315	-0.17	-0.17	-0.17	-0.17	-0.17	-0.17	-0.170059	-0.17	-0.17	-0.17	-0.187475
0.4593179092	-0.170001	-0.17	-0.17	-0.17	-0.17	-0.17	-0.170063	-0.17	-0.17	-0.17	-0.187333
0.4796589546	-0.170001	-0.17	-0.17	-0.17	-0.17	-0.17	-0.170069	-0.17	-0.17	-0.17	-0.187166
0.5	-0.170001	-0.17	-0.17	-0.17	-0.17	-0.17	-0.170075	-0.17	-0.17	-0.17	-0.186992
0.5207026371	-0.170001	-0.17	-0.17	-0.17	-0.17	-0.17	-0.170082	-0.17	-0.17	-0.17	-0.186809
0.5406604206	-0.170001	-0.17	-0.17	-0.17	-0.17	-0.17	-0.170088	-0.17	-0.17	-0.17	-0.186627
0.5601072863	-0.170001	-0.17	-0.17	-0.17	-0.17	-0.17	-0.170095	-0.17	-0.17	-0.17	-0.186445
0.5791699507	-0.170001	-0.17	-0.17	-0.17	-0.17	-0.17	-0.170102	-0.17	-0.17	-0.17	-0.186264
0.6003531579	-0.170001	-0.17	-0.17	-0.17	-0.17	-0.17	-0.170109	-0.17	-0.17	-0.17	-0.186058
0.620016485	-0.170002	-0.17	-0.17	-0.17	-0.17	-0.170001	-0.170117	-0.17	-0.17	-0.17	-0.185866
0.640889636	-0.170002	-0.17	-0.17	-0.17	-0.17	-0.170001	-0.170125	-0.17	-0.17	-0.170001	-0.185659
0.660925502	-0.170002	-0.17	-0.17	-0.17	-0.17	-0.170001	-0.170133	-0.17	-0.17	-0.170001	-0.185461
0.679066699	-0.170002	-0.17	-0.17	-0.17	-0.17	-0.170001	-0.17014	-0.17	-0.17	-0.170001	-0.185281
0.6999404096	-0.170002	-0.17	-0.17	-0.17	-0.17	-0.170001	-0.170149	-0.17	-0.17	-0.170001	-0.185076
0.7206532812	-0.170002	-0.17	-0.17	-0.17	-0.17	-0.170001	-0.170159	-0.17	-0.17	-0.170001	-0.184874
0.741036035	-0.170003	-0.17	-0.17	-0.17	-0.17	-0.170001	-0.170168	-0.17	-0.17	-0.170001	-0.184677
0.7612443539	-0.170003	-0.17	-0.17	-0.17	-0.17	-0.170001	-0.170178	-0.17	-0.17	-0.170001	-0.184485
0.7788368752	-0.170003	-0.17	-0.17	-0.17	-0.17	-0.170001	-0.170186	-0.17	-0.17	-0.170001	-0.184322
0.7988528561	-0.170003	-0.17	-0.17	-0.17	-0.17	-0.170001	-0.170196	-0.17	-0.17	-0.170001	-0.18414
0.8207996405	-0.170004	-0.17	-0.17	-0.17	-0.17	-0.170001	-0.170207	-0.17	-0.17	-0.170001	-0.183947
0.8397506922	-0.170004	-0.17	-0.17	-0.17	-0.17	-0.170001	-0.170217	-0.17	-0.17	-0.170001	-0.183786
0.8605098556	-0.170004	-0.17	-0.17	-0.17	-0.17	-0.170001	-0.170229	-0.17	-0.17	-0.170001	-0.183616
0.8807495753	-0.170004	-0.17	-0.17	-0.17	-0.17	-0.170001	-0.17024	-0.17	-0.17	-0.170001	-0.183458
0.9004894415	-0.170005	-0.17	-0.17	-0.17	-0.17	-0.170001	-0.170251	-0.17	-0.17	-0.170001	-0.183311
0.9197528726	-0.170005	-0.17	-0.17	-0.17	-0.17	-0.170001	-0.170261	-0.169999	-0.17	-0.170001	-0.183175
0.940614566	-0.170005	-0.17	-0.17	-0.17	-0.17	-0.170001	-0.170273	-0.169999	-0.17	-0.170001	-0.183036
0.9590445283	-0.170005	-0.17	-0.17	-0.17	-0.17	-0.170001	-0.170284	-0.169999	-0.17	-0.170001	-0.182921
0.9807268368	-0.170006	-0.17	-0.17	-0.17	-0.17	-0.170001	-0.170296	-0.169999	-0.17	-0.170001	-0.182796
1	-0.170006	-0.17	-0.17	-0.17	-0.17	-0.170001	-0.170306	-0.169999	-0.17	-0.170001	-0.182693
1.020723778	-0.170006	-0.17	-0.17	-0.17	-0.17	-0.170001	-0.170318	-0.169999	-0.17	-0.170001	-0.182593
1.039156148	-0.170006	-0.17	-0.17	-0.17	-0.17	-0.170001	-0.170328	-0.169999	-0.17	-0.170001	-0.182512
1.059593583	-0.170007	-0.17	-0.17	-0.17	-0.17	-0.170001	-0.170339	-0.169999	-0.17	-0.170001	-0.182431
1.080256178	-0.170007	-0.17	-0.17	-0.17	-0.17	-0.170002	-0.170349	-0.169999	-0.17	-0.170001	-0.182361
1.1007754	-0.170007	-0.17	-0.17	-0.17	-0.17	-0.170002	-0.170359	-0.169999	-0.17	-0.170001	-0.182303
1.119205148	-0.170007	-0.17	-0.17	-0.17	-0.17	-0.170002	-0.170368	-0.169999	-0.17	-0.170001	-0.18226
1.139148928	-0.170008	-0.17	-0.17	-0.17	-0.17	-0.170002	-0.170377	-0.169999	-0.17	-0.170001	-0.182223
1.160467454	-0.170008	-0.17	-0.17	-0.17	-0.17	-0.170002	-0.170387	-0.169999	-0.17	-0.170001	-0.182195
1.179582134	-0.170008	-0.17	-0.17	-0.17	-0.17	-0.170002	-0.170395	-0.169999	-0.17	-0.170001	-0.182179
1.2003651	-0.170008	-0.17	-0.17	-0.17	-0.17	-0.170002	-0.170403	-0.169999	-0.17	-0.170001	-0.182172
1.220011024	-0.170008	-0.17	-0.17	-0.17	-0.17	-0.170002	-0.170411	-0.169999	-0.17	-0.170001	-0.182176
1.239942236	-0.170009	-0.17	-0.17	-0.17	-0.17	-0.170002	-0.170419	-0.169999	-0.17	-0.170001	-0.182189
1.260051346	-0.170009	-0.17	-0.17	-0.17	-0.17	-0.170002	-0.170426	-0.169999	-0.17	-0.170001	-0.182211
1.280287626	-0.170009	-0.17	-0.17	-0.17	-0.17	-0.170002	-0.170434	-0.169999	-0.17	-0.170001	-0.182243
1.300597173	-0.170009	-0.17	-0.17	-0.17	-0.17	-0.170002	-0.170442	-0.169999	-0.17	-0.170001	-0.182284
1.31920107	-0.170009	-0.17	-0.17	-0.17	-0.17	-0.170002	-0.170449	-0.169999	-0.17	-0.170001	-0.182329
1.339826937	-0.170009	-0.17	-0.17	-0.17	-0.17	-0.170002	-0.170458	-0.169999	-0.17	-0.170001	-0.182386
1.360653106	-0.170009	-0.17	-0.17	-0.17	-0.17	-0.170002	-0.170466	-0.169999	-0.17	-0.170001	-0.182452
1.379741721	-0.170009	-0.17	-0.17	-0.17	-0.17	-0.170002	-0.170474	-0.169999	-0.17	-0.170001	-0.182519
1.399138218	-0.170009	-0.17	-0.17	-0.17	-0.17	-0.170002	-0.170483	-0.169999	-0.17	-0.170001	-0.182593
1.420474364	-0.170009	-0.17	-0.17	-0.17	-0.17	-0.170003	-0.170492	-0.169998	-0.17	-0.170001	-0.182681
1.440279208	-0.170008	-0.17	-0.17	-0.17	-0.17	-0.170003	-0.170501	-0.169998	-0.17	-0.170001	-0.182768
1.460186139	-0.170008	-0.17	-0.17	-0.17	-0.17	-0.170003	-0.17051	-0.169998	-0.17	-0.170001	-0.18286
1.480093069	-0.170008	-0.17	-0.17	-0.17	-0.17	-0.170003	-0.17052	-0.169998	-0.17	-0.170001	-0.182957
1.5	-0.170007	-0.17	-0.17	-0.17	-0.17	-0.170003	-0.170529	-0.169998	-0.17	-0.170001	-0.183056
1.52	-0.170007	-0.17	-0.17	-0.17	-0.17	-0.170003	-0.170539	-0.169998	-0.17	-0.170001	-0.18316
1.539915752	-0.170006	-0.17	-0.17	-0.17	-0.17	-0.170003	-0.170548	-0.169998	-0.17	-0.170001	-0.183265
1.559729342	-0.170006	-0.17	-0.17	-0.17	-0.17	-0.170003	-0.170558	-0.169998	-0.17	-0.170001	-0.183371
1.579436195	-0.170005	-0.17	-0.17	-0.17	-0.17	-0.170003	-0.170567	-0.169998	-0.17	-0.170001	-0.183479
1.600896581	-0.170004	-0.17	-0.17	-0.17	-0.17	-0.170003	-0.170578	-0.169998	-0.17	-0.170001	-0.183596
1.620194928	-0.170003	-0.17	-0.17	-0.17	-0.17	-0.170003	-0.170587	-0.169998	-0.17	-0.170001	-0.183702
1.639337247	-0.170002	-0.17	-0.17	-0.17	-0.17	-0.170003	-0.170597	-0.169998	-0.17	-0.170001	-0.183806
1.660145369	-0.170001	-0.17	-0.17	-0.17	-0.17	-0.170003	-0.170607	-0.169998	-0.17	-0.170002	-0.183918
1.680705635	-0.17	-0.17	-0.17	-0.17	-0.17	-0.170003	-0.170617	-0.169998	-0.17	-0.170002	-0.184027
1.699366365	-0.169999	-0.17	-0.17	-0.17	-0.17	-0.170003	-0.170626	-0.169998	-0.17	-0.170002	-0.184124
1.71977976	-0.169997	-0.17	-0.17	-0.17	-0.17	-0.170003	-0.170636	-0.169998	-0.17	-0.170002	-0.184227
1.740070257	-0.169996	-0.17	-0.17	-0.17	-0.17	-0.170004	-0.170645	-0.169997	-0.17	-0.170002	-0.184326
1.760348464	-0.169994	-0.17	-0.17	-0.17	-0.17	-0.170004	-0.170655	-0.169997	-0.17	-0.170002	-0.184421
1.780529848	-0.169992	-0.17	-0.17	-0.17	-0.17	-0.170004	-0.170664	-0.169997	-0.17	-0.170002	-0.184511
1.800817005	-0.16999	-0.17	-0.17	-0.17	-0.17	-0.170004	-0.170674	-0.169997	-0.17	-0.170002	-0.184597
1.819297133	-0.169988	-0.17	-0.17	-0.17	-0.17	-0.170004	-0.170682	-0.169997	-0.17	-0.170002	-0.184671
1.839789211	-0.169986	-0.17	-0.17	-0.17	-0.17	-0.170004	-0.170692	-0.169997	-0.17	-0.170002	-0.184747
1.860281288	-0.169983	-0.17	-0.17	-0.17	-0.17	-0.170004	-0.170701	-0.169997	-0.17	-0.170002	-0.184817
1.879117441	-0.169981	-0.17	-0.17	-0.17	-0.17	-0.170004	-0.170709	-0.169997	-0.17	-0.170002	-0.184876
1.89989413	-0.169978	-0.17	-0.17	-0.17	-0.17	-0.170004	-0.170717	-0.169997	-0.17	-0.170002	-0.184935
1.920838713	-0.169975	-0.17	-0.17	-0.17	-0.17	-0.170004	-0.170726	-0.169997	-0.17	-0.170002	-0.184987
1.940146344	-0.169972	-0.17	-0.17	-0.17	-0.17	-0.170004	-0.170734	-0.169997	-0.17	-0.170002	-0.185028
1.959453975	-0.169968	-0.17	-0.17	-0.17	-0.17	-0.170004	-0.170741	-0.169996	-0.17	-0.170002	-0.185063
1.980692369	-0.169964	-0.17	-0.17	-0.17	-0.17	-0.170004	-0.17075	-0.169996	-0.17	-0.170002	-0.185095
2	-0.169961	-0.17	-0.17	-0.17	-0.17	-0.170005	-0.170757	-0.169996	-0.17	-0.170002	-0.18512
2.019200603	-0.169957	-0.17	-0.17	-0.17	-0.17	-0.170005	-0.170763	-0.169996	-0.17	-0.170002	-0.18514
2.040224962	-0.169952	-0.17	-0.17	-0.17	-0.17	-0.170005	-0.17077	-0.169996	-0.17	-0.170002	-0.185156
2.059199779	-0.169948	-0.17	-0.17	-0.17	-0.17	-0.170005	-0.170775	-0.169996	-0.17	-0.170002	-0.185165
2.079903652	-0.169943	-0.17	-0.17	-0.17	-0.17	-0.170005	-0.170781	-0.169996	-0.17	-0.170002	-0.185169
2.100407226	-0.169937	-0.17	-0.17	-0.17	-0.17	-0.170005	-0.170785	-0.169996	-0.17	-0.170002	-0.185168
2.12071302	-0.169932	-0.17	-0.17	-0.17	-0.17	-0.170005	-0.170789	-0.169996	-0.17	-0.170002	-0.185161
2.140831477	-0.169926	-0.17	-0.17	-0.17	-0.17	-0.170005	-0.170792	-0.169996	-0.17	-0.170002	-0.185148
2.160756234	-0.16992	-0.17	-0.17	-0.17	-0.17	-0.170005	-0.170795	-0.169995	-0.17	-0.170002	-0.18513
2.18051802	-0.169914	-0.17	-0.17	-0.17	-0.17	-0.170005	-0.170796	-0.169995	-0.17	-0.170002	-0.185107
2.200109723	-0.169907	-0.17	-0.17	-0.17	-0.17	-0.170005	-0.170798	-0.169995	-0.17	-0.170002	-0.185079
2.219564681	-0.1699	-0.17	-0.17	-0.17	-0.17	-0.170005	-0.170798	-0.169995	-0.17	-0.170002	-0.185048
2.240628505	-0.169892	-0.17	-0.17	-0.17	-0.17	-0.170005	-0.170799	-0.169995	-0.17	-0.170002	-0.185009
2.259798819	-0.169885	-0.17	-0.17	-0.17	-0.17	-0.170006	-0.170798	-0.169995	-0.17	-0.170002	-0.184969
2.280685878	-0.169876	-0.17	-0.17	-0.17	-0.17	-0.170006	-0.170798	-0.169995	-0.17	-0.170002	-0.184922
2.299832349	-0.169868	-0.17	-0.17	-0.17	-0.17	-0.170006	-0.170796	-0.169995	-0.17	-0.170002	-0.184876
2.320670607	-0.169859	-0.169999	-0.17	-0.17	-0.17	-0.170006	-0.170795	-0.169994	-0.17	-0.170002	-0.184822
2.339467694	-0.16985	-0.169999	-0.17	-0.17	-0.17	-0.170006	-0.170793	-0.169994	-0.17	-0.170002	-0.18477
2.35959604	-0.16984	-0.169999	-0.17	-0.17	-0.17	-0.170006	-0.17079	-0.169994	-0.17	-0.170002	-0.184713
2.37929389	-0.16983	-0.169999	-0.17	-0.17	-0.17	-0.170006	-0.170787	-0.169994	-0.17	-0.170002	-0.184654
2.400180097	-0.169818	-0.169999	-0.17	-0.17	-0.17	-0.170006	-0.170783	-0.169994	-0.17	-0.170002	-0.18459
2.420586629	-0.169807	-0.169999	-0.17	-0.17	-0.17	-0.170006	-0.170779	-0.169994	-0.17	-0.170002	-0.184525
2.440537292	-0.169795	-0.169999	-0.17	-0.17	-0.17	-0.170006	-0.170774	-0.169994	-0.17	-0.170002	-0.184461
2.460080979	-0.169783	-0.169999	-0.17	-0.17	-0.17	-0.170006	-0.170769	-0.169993	-0.17	-0.170002	-0.184398
2.479301249	-0.169771	-0.169999	-0.17	-0.17	-0.17	-0.170007	-0.170764	-0.169993	-0.17	-0.170003	-0.184335
2.5	-0.169757	-0.169999	-0.17	-0.17	-0.17	-0.170007	-0.170757	-0.169993	-0.17	-0.170003	-0.184267
2.519900911	-0.169743	-0.169999	-0.17	-0.17	-0.17	-0.170007	-0.170751	-0.169993	-0.17	-0.170003	-0.184202
2.539511751	-0.169728	-0.169999	-0.17	-0.17	-0.17	-0.170007	-0.170743	-0.169993	-0.17	-0.170003	-0.184138
2.560261186	-0.169713	-0.169999	-0.17	-0.17	-0.17	-0.170007	-0.170735	-0.169993	-0.17	-0.170003	-0.184071
2.579426049	-0.169698	-0.169999	-0.17	-0.17	-0.17	-0.170007	-0.170726	-0.169992	-0.17	-0.170003	-0.18401
2.599859299	-0.169681	-0.169999	-0.17	-0.17	-0.17	-0.170007	-0.170717	-0.169992	-0.17	-0.170003	-0.183942
2.620274641	-0.169663	-0.169999	-0.17	-0.17	-0.17	-0.170007	-0.170706	-0.169992	-0.17	-0.170003	-0.183873
2.63932896	-0.169646	-0.169999	-0.17	-0.17	-0.17	-0.170007	-0.170696	-0.169992	-0.17	-0.170003	-0.183808
2.659755147	-0.169627	-0.169999	-0.17	-0.17	-0.17	-0.170007	-0.170684	-0.169992	-0.17	-0.170003	-0.183737
2.680308911	-0.169607	-0.169998	-0.17	-0.17	-0.17	-0.170008	-0.170672	-0.169991	-0.17	-0.170003	-0.183665
2.699723354	-0.169588	-0.169998	-0.17	-0.17	-0.17	-0.170008	-0.170659	-0.169991	-0.17	-0.170003	-0.183597
2.719397219	-0.169567	-0.169998	-0.17	-0.17	-0.17	-0.170008	-0.170646	-0.169991	-0.17	-0.170003	-0.183528
2.739327352	-0.169546	-0.169998	-0.17	-0.17	-0.17	-0.170008	-0.170632	-0.169991	-0.17	-0.170003	-0.183459
2.759485581	-0.169523	-0.169998	-0.17	-0.17	-0.17	-0.170008	-0.170617	-0.169991	-0.17	-0.170003	-0.183389
2.779861085	-0.1695	-0.169998	-0.17	-0.17	-0.17	-0.170008	-0.170601	-0.16999	-0.17	-0.170003	-0.18332
2.800456886	-0.169475	-0.169998	-0.17	-0.17	-0.17	-0.170008	-0.170584	-0.16999	-0.17	-0.170003	-0.183251
2.820619439	-0.16945	-0.169998	-0.17	-0.17	-0.17	-0.170008	-0.170568	-0.16999	-0.17	-0.170003	-0.183186
2.840285723	-0.169424	-0.169998	-0.17	-0.17	-0.17	-0.170008	-0.170551	-0.16999	-0.17	-0.170003	-0.183125
2.859507231	-0.169399	-0.169997	-0.17	-0.17	-0.17	-0.170009	-0.170534	-0.169989	-0.17	-0.170003	-0.183067
2.879697521	-0.169371	-0.169997	-0.17	-0.17	-0.17	-0.170009	-0.170516	-0.169989	-0.17	-0.170003	-0.183009
2.899565658	-0.169342	-0.169997	-0.17	-0.17	-0.17	-0.170009	-0.170499	-0.169989	-0.17	-0.170003	-0.182955
2.920435131	-0.169311	-0.169997	-0.17	-0.17	-0.17	-0.170009	-0.17048	-0.169989	-0.17	-0.170003	-0.182902
2.939684696	-0.169282	-0.169997	-0.17	-0.17	-0.17	-0.170009	-0.170462	-0.169988	-0.17	-0.170003	-0.182856
2.960217566	-0.169249	-0.169997	-0.17	-0.17	-0.17	-0.170009	-0.170444	-0.169988	-0.17	-0.170003	-0.182811
2.979467131	-0.169218	-0.169997	-0.17	-0.17	-0.170001	-0.170009	-0.170427	-0.169988	-0.17	-0.170003	-0.182772
3	-0.169183	-0.169996	-0.17	-0.17	-0.170001	-0.170009	-0.170408	-0.169988	-0.17	-0.170003	-0.182734
3.019758369	-0.169148	-0.169996	-0.17	-0.17	-0.170001	-0.170009	-0.170391	-0.169987	-0.17	-0.170003	-0.182702
3.039422407	-0.169113	-0.169996	-0.17	-0.17	-0.170001	-0.17001	-0.170374	-0.169987	-0.17	-0.170003	-0.182673
3.060389098	-0.169074	-0.169996	-0.17	-0.17	-0.170001	-0.17001	-0.170357	-0.169987	-0.17	-0.170003	-0.182647
3.080392177	-0.169035	-0.169996	-0.17	-0.17	-0.170001	-0.17001	-0.170341	-0.169986	-0.17	-0.170003	-0.182626
3.099487585	-0.168998	-0.169995	-0.17	-0.17	-0.170001	-0.17001	-0.170326	-0.169986	-0.17	-0.170003	-0.18261
3.120286145	-0.168955	-0.169995	-0.17	-0.17	-0.170001	-0.17001	-0.170311	-0.169986	-0.17	-0.170003	-0.182597
3.140344793	-0.168913	-0.169995	-0.17	-0.17	-0.170001	-0.17001	-0.170297	-0.169985	-0.17	-0.170003	-0.182588
3.159773257	-0.16887	-0.169995	-0.17	-0.17	-0.170001	-0.17001	-0.170284	-0.169985	-0.17	-0.170003	-0.182582
3.179880734	-0.168825	-0.169994	-0.17	-0.17	-0.170001	-0.17001	-0.170272	-0.169985	-0.17	-0.170004	-0.18258
3.199777232	-0.16878	-0.169994	-0.17	-0.17	-0.170001	-0.170011	-0.170261	-0.169984	-0.17	-0.170004	-0.182581
3.219349594	-0.168733	-0.169994	-0.17	-0.17	-0.170001	-0.170011	-0.170252	-0.169984	-0.17	-0.170004	-0.182585
3.240057575	-0.168683	-0.169994	-0.17	-0.17	-0.170001	-0.170011	-0.170243	-0.169984	-0.17	-0.170004	-0.182593
3.260599668	-0.168631	-0.169993	-0.17	-0.17	-0.170001	-0.170011	-0.170236	-0.169983	-0.17	-0.170004	-0.182605
3.279751694	-0.168582	-0.169993	-0.17	-0.17	-0.170001	-0.170011	-0.170232	-0.169983	-0.17	-0.170004	-0.182618
3.300317323	-0.168527	-0.169993	-0.17	-0.17	-0.170001	-0.170011	-0.17023	-0.169983	-0.17	-0.170004	-0.182636
3.319657785	-0.168474	-0.169992	-0.17	-0.17	-0.170001	-0.170011	-0.17023	-0.169982	-0.17	-0.170004	-0.182656
3.340600846	-0.168415	-0.169992	-0.17	-0.17	-0.170001	-0.170012	-0.170234	-0.169982	-0.17	-0.170004	-0.18268
3.360443455	-0.168358	-0.169992	-0.17	-0.17	-0.170001	-0.170012	-0.17024	-0.169981	-0.17	-0.170004	-0.182705
3.380686114	-0.168298	-0.169991	-0.17	-0.17	-0.170001	-0.170012	-0.17025	-0.169981	-0.17	-0.170004	-0.182733
3.399974595	-0.16824	-0.169991	-0.17	-0.17	-0.170001	-0.170012	-0.170262	-0.169981	-0.17	-0.170004	-0.182762
3.419833348	-0.168178	-0.16999	-0.17	-0.17	-0.170001	-0.170012	-0.170276	-0.16998	-0.17	-0.170004	-0.182793
3.44046443	-0.168111	-0.16999	-0.17	-0.17	-0.170001	-0.170012	-0.170294	-0.16998	-0.17	-0.170004	-0.182827
3.460347931	-0.168046	-0.16999	-0.17	-0.17	-0.170001	-0.170012	-0.170312	-0.169979	-0.17	-0.170004	-0.182862
3.479311964	-0.167982	-0.169989	-0.17	-0.17	-0.170001	-0.170013	-0.170332	-0.169979	-0.17	-0.170004	-0.182896
3.5	-0.167911	-0.169989	-0.17	-0.17	-0.170001	-0.170013	-0.170355	-0.169978	-0.17	-0.170004	-0.182935
3.520099037	-0.16784	-0.169988	-0.17	-0.17	-0.170001	-0.170013	-0.170379	-0.169978	-0.17	-0.170004	-0.182974
3.540121813	-0.167767	-0.169988	-0.17	-0.17	-0.170001	-0.170013	-0.170404	-0.169977	-0.17	-0.170004	-0.183013
3.560174917	-0.167693	-0.169987	-0.17	-0.17	-0.170001	-0.170013	-0.17043	-0.169977	-0.17	-0.170004	-0.183053
3.580342734	-0.167616	-0.169987	-0.17	-0.17	-0.170001	-0.170013	-0.170458	-0.169976	-0.17	-0.170004	-0.183094
3.600738187	-0.167537	-0.169986	-0.17	-0.17	-0.170001	-0.170014	-0.170486	-0.169975	-0.17	-0.170004	-0.183136
3.619511743	-0.167462	-0.169985	-0.17	-0.17	-0.170001	-0.170014	-0.170514	-0.169975	-0.17	-0.170004	-0.183174
3.640490053	-0.167377	-0.169985	-0.17	-0.17	-0.170001	-0.170014	-0.170545	-0.169974	-0.17	-0.170004	-0.183218
3.659841966	-0.167296	-0.169984	-0.17	-0.17	-0.170001	-0.170014	-0.170574	-0.169974	-0.17	-0.170004	-0.183258
3.679543433	-0.167212	-0.169984	-0.17	-0.17	-0.170001	-0.170014	-0.170605	-0.169973	-0.17	-0.170004	-0.183298
3.699677815	-0.167124	-0.169983	-0.17	-0.17	-0.170001	-0.170014	-0.170637	-0.169972	-0.17	-0.170004	-0.183338
3.720282455	-0.167032	-0.169982	-0.17	-0.17	-0.170001	-0.170014	-0.17067	-0.169972	-0.169999	-0.170004	-0.183379
3.739328997	-0.166945	-0.169981	-0.17	-0.17	-0.170001	-0.170015	-0.170702	-0.169971	-0.169999	-0.170004	-0.183416
3.758961266	-0.166854	-0.169981	-0.17	-0.17	-0.170001	-0.170015	-0.170735	-0.16997	-0.169999	-0.170005	-0.183453
3.779312268	-0.166757	-0.16998	-0.17	-0.17	-0.170001	-0.170015	-0.170769	-0.16997	-0.169999	-0.170005	-0.183491
3.800459849	-0.166655	-0.169979	-0.17	-0.17	-0.170001	-0.170015	-0.170806	-0.169969	-0.169999	-0.170005	-0.183528
3.820033169	-0.166558	-0.169978	-0.17	-0.17	-0.170001	-0.170015	-0.17084	-0.169968	-0.169999	-0.170005	-0.183561
3.840474599	-0.166454	-0.169978	-0.17	-0.17	-0.170001	-0.170015	-0.170876	-0.169967	-0.169999	-0.170005	-0.183594
3.859056432	-0.166358	-0.169977	-0.17	-0.17	-0.170001	-0.170016	-0.170909	-0.169967	-0.169999	-0.170005	-0.183622
3.880469013	-0.166245	-0.169976	-0.17	-0.17	-0.170001	-0.170016	-0.170947	-0.169966	-0.169999	-0.170005	-0.183652
3.899062722	-0.166145	-0.169975	-0.17	-0.17	-0.170001	-0.170016	-0.17098	-0.169965	-0.169999	-0.170005	-0.183677
3.920312675	-0.166029	-0.169974	-0.17	-0.17	-0.170001	-0.170016	-0.171018	-0.169964	-0.169999	-0.170005	-0.183704
3.938906384	-0.165925	-0.169973	-0.17	-0.17	-0.170001	-0.170016	-0.171051	-0.169963	-0.169999	-0.170005	-0.183727
3.960156338	-0.165804	-0.169972	-0.17	-0.17	-0.170001	-0.170016	-0.171089	-0.169962	-0.169999	-0.170005	-0.18375
3.978750047	-0.165695	-0.169971	-0.17	-0.17	-0.170001	-0.170016	-0.171123	-0.169962	-0.169999	-0.170005	-0.18377
4	-0.16557	-0.16997	-0.17	-0.17	-0.170001	-0.170017	-0.17116	-0.16996	-0.169999	-0.170005	-0.183791
4.020459402	-0.165446	-0.169969	-0.17	-0.17	-0.170001	-0.170017	-0.171196	-0.169959	-0.169999	-0.170005	-0.18381
4.040729267	-0.165321	-0.169967	-0.17	-0.17	-0.170001	-0.170017	-0.171231	-0.169958	-0.169999	-0.170005	-0.183828
4.06083334	-0.165195	-0.169966	-0.17	-0.17	-0.170001	-0.170017	-0.171265	-0.169957	-0.169999	-0.170005	-0.183844
4.080837001	-0.165067	-0.169965	-0.17	-0.17	-0.170001	-0.170017	-0.171299	-0.169956	-0.169999	-0.170005	-0.18386
4.100797144	-0.164937	-0.169964	-0.17	-0.17	-0.170001	-0.170017	-0.171331	-0.169955	-0.169999	-0.170005	-0.183875
4.120882822	-0.164804	-0.169962	-0.17	-0.17	-0.170001	-0.170018	-0.171363	-0.169954	-0.169999	-0.170005	-0.18389
4.141104253	-0.164668	-0.169961	-0.17	-0.17	-0.170001	-0.170018	-0.171394	-0.169953	-0.169999	-0.170005	-0.183904
4.15897792	-0.164545	-0.16996	-0.17	-0.17	-0.170001	-0.170018	-0.17142	-0.169952	-0.169999	-0.170005	-0.183916
4.179589909	-0.164401	-0.169958	-0.17	-0.17	-0.170001	-0.170018	-0.171449	-0.16995	-0.169999	-0.170005	-0.183929
4.200496383	-0.164253	-0.169957	-0.17	-0.17	-0.170001	-0.170018	-0.171477	-0.169949	-0.169999	-0.170005	-0.183942
4.2190053	-0.164119	-0.169955	-0.17	-0.17	-0.170001	-0.170018	-0.171501	-0.169948	-0.169999	-0.170005	-0.183953
4.240469035	-0.163961	-0.169954	-0.17	-0.17	-0.170001	-0.170018	-0.171528	-0.169946	-0.169999	-0.170005	-0.183965
4.259482293	-0.163819	-0.169952	-0.17	-0.17	-0.170001	-0.170018	-0.17155	-0.169945	-0.169999	-0.170006	-0.183976
4.278713172	-0.163673	-0.169951	-0.17	-0.17	-0.170001	-0.170019	-0.171571	-0.169943	-0.169999	-0.170006	-0.183987
4.30087726	-0.163502	-0.169949	-0.17	-0.17	-0.170001	-0.170019	-0.171594	-0.169942	-0.169999	-0.170006	-0.184
4.320078382	-0.163351	-0.169947	-0.17	-0.17	-0.170001	-0.170019	-0.171612	-0.16994	-0.169999	-0.170006	-0.184012
4.339160978	-0.163199	-0.169945	-0.17	-0.17	-0.170001	-0.170019	-0.171629	-0.169938	-0.169999	-0.170006	-0.184024
4.360969659	-0.163022	-0.169943	-0.17	-0.17	-0.170001	-0.170019	-0.171647	-0.169937	-0.169999	-0.170006	-0.184039
4.380498572	-0.162862	-0.169942	-0.17	-0.17	-0.170001	-0.170019	-0.171662	-0.169935	-0.169999	-0.170006	-0.184055
4.400646174	-0.162693	-0.16994	-0.17	-0.17	-0.170001	-0.170019	-0.171675	-0.169933	-0.169999	-0.170006	-0.184072
4.421101374	-0.16252	-0.169937	-0.17	-0.17	-0.170001	-0.170019	-0.171688	-0.169931	-0.169999	-0.170006	-0.184092
4.438634402	-0.162369	-0.169936	-0.17	-0.17	-0.170001	-0.17002	-0.171698	-0.169929	-0.169999	-0.170006	-0.184109
4.459089601	-0.16219	-0.169933	-0.169999	-0.17	-0.170001	-0.17002	-0.171708	-0.169927	-0.169999	-0.170006	-0.184131
4.479544801	-0.162009	-0.169931	-0.169999	-0.17	-0.170001	-0.17002	-0.171716	-0.169925	-0.169999	-0.170006	-0.184155
4.5	-0.161825	-0.169929	-0.169999	-0.17	-0.170001	-0.17002	-0.171724	-0.169923	-0.169999	-0.170006	-0.184181
4.520958084	-0.161633	-0.169926	-0.169999	-0.17	-0.170001	-0.17002	-0.17173	-0.169921	-0.169999	-0.170006	-0.18421
4.538810578	-0.161468	-0.169924	-0.169999	-0.17	-0.170001	-0.17002	-0.171735	-0.169918	-0.169999	-0.170006	-0.184236
4.559638487	-0.161273	-0.169922	-0.169999	-0.17	-0.170001	-0.17002	-0.171739	-0.169916	-0.169999	-0.170006	-0.184269
4.580466396	-0.161075	-0.169919	-0.169999	-0.17	-0.170001	-0.17002	-0.171742	-0.169913	-0.169999	-0.170006	-0.184304
4.601422741	-0.160873	-0.169916	-0.169999	-0.17	-0.170001	-0.17002	-0.171744	-0.169911	-0.169999	-0.170006	-0.184343
4.61949588	-0.160696	-0.169914	-0.169999	-0.17	-0.170001	-0.17002	-0.171745	-0.169908	-0.169999	-0.170006	-0.184379
4.640634998	-0.160487	-0.169911	-0.169999	-0.17	-0.170001	-0.17002	-0.171745	-0.169905	-0.169999	-0.170006	-0.184424
4.658754241	-0.160305	-0.169909	-0.169999	-0.17	-0.170001	-0.17002	-0.171744	-0.169903	-0.169999	-0.170006	-0.184465
4.679758543	-0.160092	-0.169906	-0.169999	-0.17	-0.170001	-0.17002	-0.171742	-0.1699	-0.169999	-0.170006	-0.184516
4.700708919	-0.159877	-0.169903	-0.169999	-0.17	-0.170001	-0.17002	-0.17174	-0.169896	-0.169999	-0.170007	-0.184571
4.718789803	-0.159689	-0.1699	-0.169999	-0.17	-0.170001	-0.17002	-0.171738	-0.169893	-0.169999	-0.170007	-0.184622
4.739956162	-0.159466	-0.169896	-0.169999	-0.17	-0.170001	-0.17002	-0.171734	-0.16989	-0.169999	-0.170007	-0.184686
4.7607006	-0.159245	-0.169893	-0.169999	-0.17	-0.170001	-0.17002	-0.171729	-0.169886	-0.169999	-0.170007	-0.184754
4.78073667	-0.159029	-0.16989	-0.169999	-0.17	-0.170001	-0.17002	-0.171725	-0.169883	-0.169999	-0.170007	-0.184824
4.800122089	-0.158818	-0.169887	-0.169999	-0.17	-0.170001	-0.17002	-0.17172	-0.169879	-0.169999	-0.170007	-0.184897
4.81891533	-0.158611	-0.169883	-0.169999	-0.17	-0.170001	-0.17002	-0.171714	-0.169876	-0.169999	-0.170007	-0.184972
4.839751599	-0.158379	-0.16988	-0.169999	-0.17	-0.170001	-0.17002	-0.171708	-0.169872	-0.169999	-0.170007	-0.18506
4.859931027	-0.158151	-0.169876	-0.169999	-0.17	-0.170001	-0.17002	-0.171701	-0.169867	-0.169999	-0.170007	-0.185151
4.879450735	-0.157929	-0.169872	-0.169999	-0.17	-0.170001	-0.17002	-0.171694	-0.169863	-0.169999	-0.170007	-0.185243
4.900848229	-0.157683	-0.169868	-0.169999	-0.17	-0.170001	-0.170019	-0.171687	-0.169859	-0.169998	-0.170007	-0.18535
4.919340822	-0.157468	-0.169865	-0.169999	-0.17	-0.170001	-0.170019	-0.17168	-0.169855	-0.169998	-0.170007	-0.185447
4.939662744	-0.15723	-0.169861	-0.169999	-0.17	-0.170001	-0.170019	-0.171672	-0.16985	-0.169998	-0.170007	-0.185558
4.959775163	-0.156992	-0.169856	-0.169999	-0.17	-0.170001	-0.170019	-0.171664	-0.169845	-0.169998	-0.170007	-0.185673
4.979887581	-0.156751	-0.169852	-0.169999	-0.17	-0.170001	-0.170019	-0.171655	-0.16984	-0.169998	-0.170007	-0.185793
5	-0.156509	-0.169848	-0.169999	-0.17	-0.170001	-0.170019	-0.171647	-0.169835	-0.169998	-0.170007	-0.185917
5.019480519	-0.156272	-0.169843	-0.169999	-0.17	-0.170001	-0.170018	-0.171639	-0.16983	-0.169998	-0.170007	-0.186042
5.04069202	-0.156011	-0.169839	-0.169999	-0.17	-0.170001	-0.170018	-0.171629	-0.169824	-0.169998	-0.170007	-0.186182
5.059043896	-0.155784	-0.169834	-0.169999	-0.17	-0.170001	-0.170018	-0.171622	-0.169819	-0.169998	-0.170007	-0.186307
5.080729263	-0.155514	-0.169829	-0.169999	-0.17	-0.170001	-0.170017	-0.171612	-0.169812	-0.169998	-0.170007	-0.186459
5.099880171	-0.155273	-0.169824	-0.169999	-0.17	-0.170001	-0.170017	-0.171604	-0.169806	-0.169998	-0.170008	-0.186597
5.120444061	-0.155013	-0.169819	-0.169998	-0.17	-0.170002	-0.170017	-0.171595	-0.1698	-0.169998	-0.170008	-0.186749
5.140610975	-0.154755	-0.169814	-0.169998	-0.17	-0.170002	-0.170016	-0.171586	-0.169794	-0.169998	-0.170008	-0.186902
5.16047473	-0.1545	-0.169809	-0.169998	-0.17	-0.170002	-0.170016	-0.171578	-0.169787	-0.169998	-0.170008	-0.187056
5.180158608	-0.154245	-0.169804	-0.169998	-0.17	-0.170002	-0.170016	-0.17157	-0.16978	-0.169998	-0.170008	-0.187212
5.19972332	-0.153991	-0.169798	-0.169998	-0.17	-0.170002	-0.170015	-0.171562	-0.169774	-0.169998	-0.170008	-0.187369
5.2193121	-0.153734	-0.169793	-0.169998	-0.17	-0.170002	-0.170015	-0.171554	-0.169767	-0.169998	-0.170008	-0.187529
5.240802438	-0.153451	-0.169786	-0.169998	-0.17	-0.170002	-0.170014	-0.171546	-0.169759	-0.169998	-0.170008	-0.187708
5.260562836	-0.15319	-0.169781	-0.169998	-0.17	-0.170002	-0.170014	-0.171539	-0.169751	-0.169998	-0.170008	-0.187874
5.279845522	-0.152933	-0.169775	-0.169998	-0.17	-0.170002	-0.170013	-0.171532	-0.169744	-0.169998	-0.170008	-0.188038
5.300237967	-0.152661	-0.169768	-0.169998	-0.17	-0.170002	-0.170013	-0.171525	-0.169736	-0.169998	-0.170008	-0.188214
5.32009695	-0.152394	-0.169762	-0.169998	-0.17	-0.170002	-0.170012	-0.171519	-0.169728	-0.169998	-0.170008	-0.188387
5.339584416	-0.152131	-0.169756	-0.169998	-0.17	-0.170002	-0.170011	-0.171513	-0.16972	-0.169998	-0.170008	-0.188558
5.360368696	-0.15185	-0.169749	-0.169998	-0.17	-0.170002	-0.170011	-0.171507	-0.169711	-0.169998	-0.170008	-0.188743
5.379349827	-0.151593	-0.169743	-0.169998	-0.17	-0.170002	-0.17001	-0.171502	-0.169703	-0.169998	-0.170008	-0.188913
5.399567	-0.151318	-0.169736	-0.169998	-0.17	-0.170002	-0.170009	-0.171497	-0.169694	-0.169998	-0.170008	-0.189095
5.419450961	-0.151046	-0.169728	-0.169998	-0.17	-0.170002	-0.170008	-0.171493	-0.169686	-0.169998	-0.170008	-0.189275
5.440655695	-0.150757	-0.169721	-0.169997	-0.17	-0.170002	-0.170008	-0.171489	-0.169676	-0.169998	-0.170008	-0.189469
5.459942594	-0.150493	-0.169714	-0.169997	-0.17	-0.170002	-0.170007	-0.171485	-0.169668	-0.169998	-0.170009	-0.189646
5.480713101	-0.150208	-0.169706	-0.169997	-0.17	-0.170002	-0.170006	-0.171482	-0.169659	-0.169998	-0.170009	-0.189838
5.5	-0.149943	-0.169698	-0.169997	-0.17	-0.170002	-0.170005	-0.17148	-0.16965	-0.169998	-0.170009	-0.190016
5.519786613	-0.149672	-0.16969	-0.169997	-0.17	-0.170002	-0.170004	-0.171478	-0.169641	-0.169998	-0.170009	-0.1902
5.540736759	-0.149385	-0.169682	-0.169997	-0.17	-0.170002	-0.170003	-0.171476	-0.169632	-0.169998	-0.170009	-0.190394
5.559702336	-0.149125	-0.169674	-0.169997	-0.17	-0.170002	-0.170002	-0.171475	-0.169624	-0.169998	-0.170009	-0.190571
5.579736876	-0.14885	-0.169666	-0.169997	-0.17	-0.170002	-0.170001	-0.171474	-0.169616	-0.169998	-0.170009	-0.190758
5.599464865	-0.148581	-0.169657	-0.169997	-0.17	-0.170002	-0.17	-0.171475	-0.169608	-0.169997	-0.170009	-0.190943
5.620387678	-0.148296	-0.169648	-0.169997	-0.17	-0.170002	-0.169998	-0.171475	-0.1696	-0.169997	-0.170009	-0.191139
5.639854976	-0.148031	-0.169639	-0.169996	-0.17	-0.170002	-0.169997	-0.171476	-0.169592	-0.169997	-0.170009	-0.191322
5.659355647	-0.147767	-0.16963	-0.169996	-0.17	-0.170002	-0.169996	-0.171478	-0.169586	-0.169997	-0.170009	-0.191505
5.680521164	-0.147481	-0.16962	-0.169996	-0.17	-0.170002	-0.169994	-0.17148	-0.169579	-0.169997	-0.170009	-0.191704
5.69927422	-0.147229	-0.169611	-0.169996	-0.17	-0.170002	-0.169993	-0.171483	-0.169575	-0.169997	-0.170009	-0.19188
5.719773148	-0.146955	-0.169601	-0.169996	-0.17	-0.170002	-0.169992	-0.171487	-0.16957	-0.169997	-0.170009	-0.192073
5.739682512	-0.146691	-0.169591	-0.169996	-0.17	-0.170002	-0.16999	-0.171491	-0.169568	-0.169997	-0.170009	-0.192261
5.760552304	-0.146416	-0.16958	-0.169996	-0.17	-0.170002	-0.169988	-0.171496	-0.169566	-0.169997	-0.170009	-0.192458
5.779753068	-0.146164	-0.16957	-0.169996	-0.17	-0.170002	-0.169987	-0.171501	-0.169566	-0.169997	-0.170009	-0.192639
5.800154013	-0.145899	-0.16956	-0.169995	-0.17	-0.170002	-0.169985	-0.171507	-0.169568	-0.169997	-0.17001	-0.192832
5.82054646	-0.145637	-0.169549	-0.169995	-0.17	-0.170002	-0.169983	-0.171513	-0.169573	-0.169997	-0.17001	-0.193025
5.839771971	-0.145392	-0.169538	-0.169995	-0.17	-0.170002	-0.169981	-0.17152	-0.169579	-0.169997	-0.17001	-0.193208
5.85950492	-0.145144	-0.169527	-0.169995	-0.17	-0.170002	-0.16998	-0.171528	-0.169588	-0.169997	-0.17001	-0.193396
5.880253173	-0.144885	-0.169515	-0.169995	-0.17	-0.170002	-0.169978	-0.171537	-0.169601	-0.169997	-0.17001	-0.193595
5.899456124	-0.144649	-0.169503	-0.169995	-0.17	-0.170002	-0.169976	-0.171545	-0.169617	-0.169997	-0.17001	-0.193779
5.91963555	-0.144405	-0.169491	-0.169995	-0.17	-0.170002	-0.169974	-0.171555	-0.16964	-0.169997	-0.17001	-0.193973
5.939455893	-0.144168	-0.169479	-0.169994	-0.17	-0.170002	-0.169971	-0.171565	-0.169668	-0.169997	-0.17001	-0.194165
5.96057593	-0.14392	-0.169466	-0.169994	-0.17	-0.170002	-0.169969	-0.171576	-0.169706	-0.169997	-0.17001	-0.194371
5.980287965	-0.143692	-0.169453	-0.169994	-0.17	-0.170002	-0.169967	-0.171587	-0.169748	-0.169997	-0.17001	-0.194564
6	-0.143468	-0.169441	-0.169994	-0.17	-0.170002	-0.169964	-0.171598	-0.169796	-0.169997	-0.17001	-0.194758
6.020629534	-0.143239	-0.169427	-0.169994	-0.17	-0.170002	-0.169962	-0.171611	-0.169853	-0.169997	-0.17001	-0.194962
6.04059944	-0.143022	-0.169414	-0.169994	-0.17	-0.170002	-0.169959	-0.171623	-0.169917	-0.169997	-0.17001	-0.195162
6.059680165	-0.142819	-0.1694	-0.169993	-0.17	-0.170002	-0.169957	-0.171636	-0.169985	-0.169997	-0.17001	-0.195354
6.07993746	-0.142608	-0.169386	-0.169993	-0.17	-0.170002	-0.169954	-0.171649	-0.170064	-0.169997	-0.17001	-0.195559
6.099905276	-0.142406	-0.169372	-0.169993	-0.17	-0.170002	-0.169951	-0.171663	-0.170149	-0.169997	-0.170011	-0.195763
6.119763437	-0.14221	-0.169358	-0.169993	-0.17	-0.170002	-0.169949	-0.171678	-0.17024	-0.169996	-0.170011	-0.195968
6.139771861	-0.142019	-0.169343	-0.169993	-0.17	-0.170002	-0.169946	-0.171692	-0.170336	-0.169996	-0.170011	-0.196176
6.160145055	-0.141831	-0.169327	-0.169992	-0.17	-0.170002	-0.169943	-0.171708	-0.170436	-0.169996	-0.170011	-0.19639
6.179512309	-0.141658	-0.169312	-0.169992	-0.17	-0.170002	-0.16994	-0.171723	-0.170532	-0.169996	-0.170011	-0.196596
6.199614955	-0.141484	-0.169297	-0.169992	-0.17	-0.170002	-0.169936	-0.171738	-0.170632	-0.169996	-0.170011	-0.196811
6.220623319	-0.141311	-0.16928	-0.169992	-0.17	-0.170002	-0.169933	-0.171755	-0.170735	-0.169996	-0.170011	-0.197039
6.239783445	-0.141159	-0.169264	-0.169991	-0.17	-0.170002	-0.16993	-0.171771	-0.170827	-0.169996	-0.170011	-0.197248
6.260369755	-0.141004	-0.169247	-0.169991	-0.17	-0.170002	-0.169926	-0.171788	-0.170924	-0.169996	-0.170011	-0.197476
6.280763819	-0.140858	-0.16923	-0.169991	-0.17	-0.170003	-0.169922	-0.171805	-0.171017	-0.169996	-0.170011	-0.197704
6.29948694	-0.140732	-0.169214	-0.169991	-0.17	-0.170003	-0.169919	-0.17182	-0.171099	-0.169996	-0.170011	-0.197916
6.320130996	-0.140601	-0.169196	-0.16999	-0.17	-0.170003	-0.169915	-0.171838	-0.171185	-0.169996	-0.170011	-0.198153
6.339435515	-0.140486	-0.169179	-0.16999	-0.17	-0.170003	-0.169911	-0.171855	-0.17126	-0.169996	-0.170011	-0.198376
6.359378376	-0.140376	-0.169161	-0.16999	-0.17	-0.170003	-0.169907	-0.171872	-0.171333	-0.169996	-0.170012	-0.19861
6.380134519	-0.140272	-0.169142	-0.169989	-0.17	-0.170003	-0.169903	-0.17189	-0.171403	-0.169996	-0.170012	-0.198857
6.399650448	-0.140182	-0.169123	-0.169989	-0.17	-0.170003	-0.169899	-0.171907	-0.171463	-0.169996	-0.170012	-0.199092
6.420710429	-0.140096	-0.169103	-0.169989	-0.17	-0.170003	-0.169894	-0.171926	-0.171523	-0.169996	-0.170012	-0.199349
6.439588898	-0.140028	-0.169085	-0.169989	-0.17	-0.170003	-0.16989	-0.171942	-0.171571	-0.169996	-0.170012	-0.199582
6.460355214	-0.139964	-0.169065	-0.169988	-0.17	-0.170003	-0.169885	-0.171961	-0.171618	-0.169996	-0.170012	-0.199842
6.479233684	-0.139915	-0.169046	-0.169988	-0.17	-0.170003	-0.169881	-0.171978	-0.171656	-0.169996	-0.170012	-0.200081
6.5	-0.139872	-0.169024	-0.169988	-0.17	-0.170003	-0.169876	-0.171996	-0.171692	-0.169996	-0.170012	-0.200348
6.519436254	-0.139842	-0.169004	-0.169987	-0.17	-0.170003	-0.169871	-0.172013	-0.17172	-0.169995	-0.170012	-0.2006
6.539407618	-0.139822	-0.168983	-0.169987	-0.17	-0.170003	-0.169866	-0.172031	-0.171743	-0.169995	-0.170012	-0.200862
6.560212599	-0.139813	-0.168961	-0.169987	-0.17	-0.170003	-0.169861	-0.17205	-0.17176	-0.169995	-0.170012	-0.201137
6.579404233	-0.139816	-0.16894	-0.169986	-0.17	-0.170003	-0.169856	-0.172067	-0.17177	-0.169995	-0.170012	-0.201393
6.60023318	-0.139833	-0.168917	-0.169986	-0.17	-0.170003	-0.16985	-0.172085	-0.171773	-0.169995	-0.170012	-0.201672
6.620689791	-0.139863	-0.168894	-0.169985	-0.17	-0.170003	-0.169845	-0.172103	-0.17177	-0.169995	-0.170013	-0.201948
6.640918338	-0.139905	-0.168871	-0.169985	-0.17	-0.170003	-0.169839	-0.172121	-0.17176	-0.169995	-0.170013	-0.202222
6.659074153	-0.139955	-0.168849	-0.169985	-0.17	-0.170003	-0.169834	-0.172136	-0.171745	-0.169995	-0.170013	-0.20247
6.67929709	-0.140023	-0.168826	-0.169984	-0.17	-0.170003	-0.169828	-0.172154	-0.171722	-0.169995	-0.170013	-0.202746
6.699753981	-0.140106	-0.168801	-0.169984	-0.17	-0.170003	-0.169821	-0.172171	-0.171693	-0.169995	-0.170013	-0.203027
6.720655639	-0.140207	-0.168775	-0.169983	-0.17	-0.170003	-0.169815	-0.172188	-0.171656	-0.169995	-0.170013	-0.203316
6.740020214	-0.140313	-0.168751	-0.169983	-0.17	-0.170003	-0.169809	-0.172204	-0.171617	-0.169995	-0.170013	-0.203583
6.760068767	-0.140438	-0.168726	-0.169982	-0.17	-0.170003	-0.169802	-0.17222	-0.17157	-0.169995	-0.170013	-0.20386
6.779893033	-0.140576	-0.168701	-0.169982	-0.17	-0.170003	-0.169796	-0.172235	-0.171519	-0.169995	-0.170013	-0.204135
6.79924584	-0.140724	-0.168676	-0.169981	-0.17	-0.170003	-0.169789	-0.17225	-0.171466	-0.169995	-0.170013	-0.204403
6.820350163	-0.140903	-0.168648	-0.169981	-0.17	-0.170003	-0.169782	-0.172266	-0.171402	-0.169995	-0.170013	-0.204695
6.839150727	-0.141077	-0.168623	-0.16998	-0.17	-0.170003	-0.169776	-0.17228	-0.171342	-0.169995	-0.170013	-0.204955
6.860040243	-0.141287	-0.168594	-0.16998	-0.17	-0.170003	-0.169768	-0.172294	-0.171273	-0.169994	-0.170013	-0.205244
6.880966408	-0.141514	-0.168565	-0.169979	-0.17	-0.170003	-0.16976	-0.172309	-0.1712	-0.169994	-0.170014	-0.205532
6.900096806	-0.141738	-0.168538	-0.169979	-0.17	-0.170003	-0.169753	-0.172321	-0.171132	-0.169994	-0.170014	-0.205795
6.91960509	-0.141983	-0.168511	-0.169978	-0.17	-0.170003	-0.169746	-0.172334	-0.17106	-0.169994	-0.170014	-0.206063
6.939657256	-0.14225	-0.168482	-0.169978	-0.17	-0.170003	-0.169738	-0.172346	-0.170986	-0.169994	-0.170014	-0.206337
6.960486678	-0.142547	-0.168451	-0.169977	-0.17	-0.170003	-0.16973	-0.172358	-0.170909	-0.169994	-0.170014	-0.20662
6.979081182	-0.142828	-0.168423	-0.169976	-0.17	-0.170003	-0.169723	-0.172369	-0.17084	-0.169994	-0.170014	-0.206872
7	-0.143162	-0.168392	-0.169976	-0.17	-0.170003	-0.169714	-0.17238	-0.170762	-0.169994	-0.170014	-0.207155
7.019998656	-0.1435	-0.168361	-0.169975	-0.17	-0.170003	-0.169706	-0.172391	-0.170688	-0.169994	-0.170014	-0.207423
7.039834861	-0.143853	-0.16833	-0.169974	-0.17	-0.170003	-0.169697	-0.1724	-0.170616	-0.169994	-0.170014	-0.207688
7.059628893	-0.144224	-0.168299	-0.169974	-0.17	-0.170003	-0.169689	-0.17241	-0.170546	-0.169994	-0.170014	-0.20795
7.079424458	-0.144613	-0.168268	-0.169973	-0.17	-0.170003	-0.16968	-0.172419	-0.170477	-0.169994	-0.170014	-0.208211
7.099406943	-0.145025	-0.168235	-0.169972	-0.17	-0.170004	-0.169671	-0.172427	-0.170408	-0.169994	-0.170015	-0.208473
7.119237258	-0.145453	-0.168203	-0.169972	-0.17	-0.170004	-0.169662	-0.172435	-0.170342	-0.169994	-0.170015	-0.208731
7.140734447	-0.145939	-0.168167	-0.169971	-0.17	-0.170004	-0.169652	-0.172443	-0.170273	-0.169994	-0.170015	-0.209008
7.159828045	-0.146389	-0.168135	-0.16997	-0.17	-0.170004	-0.169643	-0.17245	-0.170214	-0.169993	-0.170015	-0.209253
7.180984539	-0.14691	-0.168099	-0.169969	-0.17	-0.170004	-0.169633	-0.172457	-0.17015	-0.169993	-0.170015	-0.209521
7.200243242	-0.147403	-0.168065	-0.169969	-0.17	-0.170004	-0.169623	-0.172464	-0.170094	-0.169993	-0.170015	-0.209764
7.219764639	-0.147923	-0.168031	-0.169968	-0.17	-0.170004	-0.169614	-0.17247	-0.170039	-0.169993	-0.170015	-0.21001
7.239664245	-0.148473	-0.167996	-0.169967	-0.17	-0.170004	-0.169603	-0.172476	-0.169985	-0.169993	-0.170015	-0.21026
7.259611308	-0.149044	-0.16796	-0.169966	-0.17	-0.170004	-0.169593	-0.172482	-0.169934	-0.169993	-0.170015	-0.210509
7.279459916	-0.149634	-0.167923	-0.169965	-0.17	-0.170004	-0.169583	-0.172487	-0.169884	-0.169993	-0.170015	-0.210755
7.299308523	-0.150245	-0.167887	-0.169964	-0.17	-0.170004	-0.169572	-0.172493	-0.169836	-0.169993	-0.170015	-0.211
7.319377671	-0.150884	-0.167849	-0.169964	-0.17	-0.170004	-0.169562	-0.172499	-0.16979	-0.169993	-0.170016	-0.211247
7.339790468	-0.151556	-0.16781	-0.169963	-0.17	-0.170004	-0.16955	-0.172504	-0.169745	-0.169993	-0.170016	-0.211496
7.360635624	-0.152266	-0.16777	-0.169962	-0.17	-0.170004	-0.169539	-0.17251	-0.169701	-0.169993	-0.170016	-0.211748
7.37970746	-0.152936	-0.167733	-0.169961	-0.17	-0.170004	-0.169528	-0.172515	-0.169662	-0.169993	-0.170016	-0.211978
7.400921596	-0.153705	-0.167691	-0.16996	-0.17	-0.170004	-0.169516	-0.172521	-0.169621	-0.169993	-0.170016	-0.21223
7.419292513	-0.154391	-0.167655	-0.169959	-0.17	-0.170004	-0.169505	-0.172526	-0.169586	-0.169992	-0.170016	-0.212447
7.439469385	-0.155167	-0.167614	-0.169958	-0.17	-0.170004	-0.169494	-0.172533	-0.16955	-0.169992	-0.170016	-0.212684
7.459646257	-0.155965	-0.167573	-0.169957	-0.17	-0.170004	-0.169482	-0.172539	-0.169515	-0.169992	-0.170016	-0.212917
7.479823128	-0.156787	-0.167531	-0.169956	-0.17	-0.170004	-0.169469	-0.172545	-0.169481	-0.169992	-0.170016	-0.213149
7.5	-0.157631	-0.167489	-0.169954	-0.17	-0.170004	-0.169457	-0.172552	-0.169449	-0.169992	-0.170016	-0.213377
7.519632254	-0.158475	-0.167447	-0.169953	-0.17	-0.170004	-0.169445	-0.172559	-0.169419	-0.169992	-0.170016	-0.213597
7.539404983	-0.159348	-0.167405	-0.169952	-0.17	-0.170004	-0.169432	-0.172566	-0.169389	-0.169992	-0.170016	-0.213815
7.55945534	-0.160255	-0.167361	-0.169951	-0.17	-0.170004	-0.16942	-0.172573	-0.169361	-0.169992	-0.170017	-0.214033
7.579933639	-0.161206	-0.167317	-0.16995	-0.17	-0.170004	-0.169407	-0.172581	-0.169332	-0.169992	-0.170017	-0.214252
7.601034762	-0.162211	-0.16727	-0.169949	-0.17	-0.170004	-0.169393	-0.17259	-0.169304	-0.169992	-0.170017	-0.214475
7.619628832	-0.163119	-0.167228	-0.169947	-0.17	-0.170004	-0.16938	-0.172597	-0.169281	-0.169992	-0.170017	-0.214667
7.639935131	-0.164132	-0.167182	-0.169946	-0.17	-0.170004	-0.169367	-0.172606	-0.169256	-0.169991	-0.170017	-0.214874
7.659813448	-0.165148	-0.167137	-0.169945	-0.17	-0.170004	-0.169353	-0.172615	-0.169232	-0.169991	-0.170017	-0.215073
7.679423864	-0.166173	-0.167091	-0.169944	-0.17	-0.170004	-0.16934	-0.172623	-0.16921	-0.169991	-0.170017	-0.215265
7.698918358	-0.167214	-0.167046	-0.169942	-0.17	-0.170004	-0.169327	-0.172632	-0.169189	-0.169991	-0.170017	-0.215453
7.720440733	-0.168389	-0.166995	-0.169941	-0.17	-0.170004	-0.169312	-0.172642	-0.169166	-0.169991	-0.170017	-0.215655
7.739962927	-0.169478	-0.166948	-0.169939	-0.17	-0.170005	-0.169298	-0.172651	-0.169147	-0.169991	-0.170017	-0.215835
7.759706948	-0.170602	-0.166901	-0.169938	-0.17	-0.170005	-0.169284	-0.17266	-0.169128	-0.169991	-0.170017	-0.216012
7.779799743	-0.17177	-0.166852	-0.169936	-0.17	-0.170005	-0.169269	-0.17267	-0.169109	-0.169991	-0.170017	-0.216188
7.800429301	-0.172993	-0.166801	-0.169935	-0.17	-0.170005	-0.169254	-0.172679	-0.169091	-0.169991	-0.170018	-0.216365
7.819304811	-0.174134	-0.166754	-0.169933	-0.17	-0.170005	-0.16924	-0.172688	-0.169076	-0.169991	-0.170018	-0.216522
7.840204681	-0.175421	-0.166702	-0.169932	-0.17	-0.170005	-0.169225	-0.172697	-0.169059	-0.16999	-0.170018	-0.216692
7.860579436	-0.1767	-0.16665	-0.16993	-0.17	-0.170005	-0.16921	-0.172706	-0.169044	-0.16999	-0.170018	-0.216852
7.880559855	-0.177977	-0.166599	-0.169928	-0.17	-0.170005	-0.169194	-0.172714	-0.16903	-0.16999	-0.170018	-0.217005
7.900466546	-0.179273	-0.166547	-0.169927	-0.17	-0.170005	-0.169179	-0.172722	-0.169017	-0.16999	-0.170018	-0.217153
7.920373237	-0.180591	-0.166496	-0.169925	-0.17	-0.170005	-0.169164	-0.172729	-0.169004	-0.16999	-0.170018	-0.217296
7.940279928	-0.181931	-0.166443	-0.169923	-0.17	-0.170005	-0.169149	-0.172736	-0.168992	-0.16999	-0.170018	-0.217435
7.960186618	-0.183294	-0.16639	-0.169922	-0.17	-0.170005	-0.169133	-0.172742	-0.168981	-0.16999	-0.170018	-0.21757
7.980093309	-0.184679	-0.166337	-0.16992	-0.17	-0.170005	-0.169117	-0.172748	-0.168971	-0.16999	-0.170018	-0.2177
8	-0.186085	-0.166283	-0.169918	-0.17	-0.170005	-0.169101	-0.172753	-0.168961	-0.16999	-0.170018	-0.217825
8.019331243	-0.187472	-0.166231	-0.169916	-0.17	-0.170005	-0.169086	-0.172757	-0.168952	-0.16999	-0.170018	-0.217943
8.040819473	-0.189038	-0.166172	-0.169914	-0.17	-0.170005	-0.169069	-0.172761	-0.168943	-0.169989	-0.170018	-0.218069
8.060346161	-0.190483	-0.166117	-0.169912	-0.17	-0.170005	-0.169053	-0.172763	-0.168936	-0.169989	-0.170018	-0.218179
8.080210979	-0.191973	-0.166062	-0.16991	-0.17	-0.170005	-0.169037	-0.172765	-0.168929	-0.169989	-0.170018	-0.218287
8.100094218	-0.193486	-0.166006	-0.169908	-0.17	-0.170005	-0.16902	-0.172766	-0.168922	-0.169989	-0.170018	-0.218391
8.119759708	-0.195002	-0.16595	-0.169906	-0.17	-0.170005	-0.169004	-0.172767	-0.168916	-0.169989	-0.170018	-0.218489
8.139215595	-0.196522	-0.165895	-0.169904	-0.17	-0.170005	-0.168988	-0.172766	-0.168911	-0.169989	-0.170018	-0.218582
8.160900479	-0.198239	-0.165832	-0.169902	-0.17	-0.170005	-0.16897	-0.172765	-0.168906	-0.169989	-0.170018	-0.218681
8.180590129	-0.199819	-0.165775	-0.169899	-0.169999	-0.170005	-0.168953	-0.172763	-0.168902	-0.169989	-0.170018	-0.218766
8.200463457	-0.201432	-0.165717	-0.169897	-0.169999	-0.170005	-0.168936	-0.17276	-0.168898	-0.169988	-0.170018	-0.218848
8.22036481	-0.203067	-0.165658	-0.169895	-0.169999	-0.170005	-0.168919	-0.172756	-0.168895	-0.169988	-0.170019	-0.218926
8.240181477	-0.204714	-0.1656	-0.169893	-0.169999	-0.170005	-0.168902	-0.172752	-0.168893	-0.169988	-0.170019	-0.219
8.259848866	-0.206367	-0.165541	-0.16989	-0.169999	-0.170005	-0.168886	-0.172747	-0.16889	-0.169988	-0.170019	-0.219069
8.279581564	-0.208043	-0.165482	-0.169888	-0.169999	-0.170005	-0.168869	-0.172741	-0.168889	-0.169988	-0.170019	-0.219134
8.299419223	-0.209746	-0.165422	-0.169885	-0.169999	-0.170005	-0.168852	-0.172734	-0.168888	-0.169988	-0.170019	-0.219195
8.31910487	-0.211453	-0.165362	-0.169883	-0.169999	-0.170006	-0.168834	-0.172727	-0.168887	-0.169988	-0.170019	-0.219252
8.340180209	-0.213299	-0.165297	-0.16988	-0.169999	-0.170006	-0.168816	-0.172719	-0.168886	-0.169988	-0.170018	-0.219308
8.360936026	-0.215135	-0.165233	-0.169877	-0.169999	-0.170006	-0.168798	-0.172711	-0.168886	-0.169987	-0.170018	-0.21936
8.379783647	-0.216818	-0.165175	-0.169875	-0.169999	-0.170006	-0.168782	-0.172703	-0.168887	-0.169987	-0.170018	-0.219403
8.398930593	-0.218542	-0.165115	-0.169872	-0.169999	-0.170006	-0.168765	-0.172694	-0.168887	-0.169987	-0.170018	-0.219443
8.420434722	-0.220496	-0.165048	-0.169869	-0.169999	-0.170006	-0.168746	-0.172684	-0.168889	-0.169987	-0.170018	-0.219484
8.439323484	-0.222226	-0.164988	-0.169867	-0.169999	-0.170006	-0.168729	-0.172676	-0.16889	-0.169987	-0.170018	-0.219517
8.460056212	-0.224141	-0.164922	-0.169864	-0.169999	-0.170006	-0.168711	-0.172665	-0.168892	-0.169987	-0.170018	-0.219549
8.480028106	-0.226	-0.164859	-0.169861	-0.169999	-0.170006	-0.168694	-0.172656	-0.168894	-0.169987	-0.170018	-0.219576
8.5	-0.227873	-0.164795	-0.169858	-0.169999	-0.170006	-0.168676	-0.172646	-0.168896	-0.169987	-0.170018	-0.219601
8.519461679	-0.229711	-0.164732	-0.169855	-0.169999	-0.170006	-0.168659	-0.172636	-0.168898	-0.169986	-0.170018	-0.219622
8.540643017	-0.231726	-0.164664	-0.169851	-0.169999	-0.170006	-0.16864	-0.172626	-0.168901	-0.169986	-0.170018	-0.219641
8.559896113	-0.233569	-0.164602	-0.169848	-0.169999	-0.170006	-0.168623	-0.172616	-0.168904	-0.169986	-0.170018	-0.219656
8.579389478	-0.235447	-0.164538	-0.169845	-0.169999	-0.170006	-0.168606	-0.172607	-0.168907	-0.169986	-0.170018	-0.219669
8.600778956	-0.23752	-0.164468	-0.169842	-0.169999	-0.170006	-0.168587	-0.172597	-0.168911	-0.169986	-0.170018	-0.21968
8.619750635	-0.239368	-0.164406	-0.169839	-0.169999	-0.170006	-0.16857	-0.172589	-0.168915	-0.169986	-0.170017	-0.219687
8.640087641	-0.241361	-0.164339	-0.169835	-0.169999	-0.170006	-0.168553	-0.17258	-0.168919	-0.169985	-0.170017	-0.219693
8.659960932	-0.243318	-0.164273	-0.169832	-0.169999	-0.170006	-0.168535	-0.172572	-0.168923	-0.169985	-0.170017	-0.219697
8.679467376	-0.245247	-0.164209	-0.169828	-0.169999	-0.170006	-0.168518	-0.172564	-0.168927	-0.169985	-0.170017	-0.219698
8.700435046	-0.24733	-0.164139	-0.169824	-0.169999	-0.170006	-0.1685	-0.172556	-0.168931	-0.169985	-0.170017	-0.219698
8.719430993	-0.249225	-0.164076	-0.169821	-0.169999	-0.170006	-0.168483	-0.17255	-0.168936	-0.169985	-0.170017	-0.219696
8.740021015	-0.251287	-0.164007	-0.169817	-0.169999	-0.170006	-0.168466	-0.172543	-0.168941	-0.169985	-0.170016	-0.219692
8.760681597	-0.253363	-0.163938	-0.169813	-0.169999	-0.170006	-0.168448	-0.172538	-0.168946	-0.169985	-0.170016	-0.219687
8.779722491	-0.255282	-0.163874	-0.169809	-0.169998	-0.170006	-0.168431	-0.172533	-0.168951	-0.169984	-0.170016	-0.219681
8.800748519	-0.257408	-0.163804	-0.169805	-0.169998	-0.170006	-0.168413	-0.172528	-0.168956	-0.169984	-0.170016	-0.219672
8.820340775	-0.259393	-0.163738	-0.169801	-0.169998	-0.170006	-0.168397	-0.172524	-0.168962	-0.169984	-0.170015	-0.219663
8.840293799	-0.26142	-0.16367	-0.169797	-0.169998	-0.170006	-0.16838	-0.172521	-0.168968	-0.169984	-0.170015	-0.219652
8.860712363	-0.263498	-0.163602	-0.169793	-0.169998	-0.170006	-0.168363	-0.172519	-0.168974	-0.169984	-0.170015	-0.21964
8.879395959	-0.265402	-0.163539	-0.169789	-0.169998	-0.170006	-0.168347	-0.172517	-0.168979	-0.169984	-0.170014	-0.219628
8.900256398	-0.267531	-0.163468	-0.169785	-0.169998	-0.170006	-0.16833	-0.172516	-0.168986	-0.169983	-0.170014	-0.219614
8.919659094	-0.269513	-0.163403	-0.16978	-0.169998	-0.170006	-0.168314	-0.172516	-0.168992	-0.169983	-0.170014	-0.2196
8.939590214	-0.27155	-0.163335	-0.169776	-0.169998	-0.170006	-0.168298	-0.172516	-0.168999	-0.169983	-0.170013	-0.219586
8.960268948	-0.273665	-0.163266	-0.169771	-0.169998	-0.170006	-0.168281	-0.172517	-0.169006	-0.169983	-0.170013	-0.219572
8.979398714	-0.275621	-0.163201	-0.169767	-0.169998	-0.170006	-0.168266	-0.172518	-0.169013	-0.169983	-0.170012	-0.219558
9	-0.277727	-0.163132	-0.169762	-0.169998	-0.170006	-0.168249	-0.172521	-0.16902	-0.169983	-0.170012	-0.219543
9.019808056	-0.279751	-0.163065	-0.169757	-0.169998	-0.170006	-0.168234	-0.172524	-0.169027	-0.169982	-0.170011	-0.219529
9.040245818	-0.281837	-0.162996	-0.169752	-0.169998	-0.170006	-0.168218	-0.172527	-0.169035	-0.169982	-0.170011	-0.219514
9.059787592	-0.28383	-0.162931	-0.169747	-0.169998	-0.170006	-0.168203	-0.172531	-0.169042	-0.169982	-0.17001	-0.219499
9.080067714	-0.285894	-0.162863	-0.169742	-0.169998	-0.170007	-0.168187	-0.172536	-0.16905	-0.169982	-0.17001	-0.219483
9.099358546	-0.287854	-0.162799	-0.169737	-0.169997	-0.170007	-0.168173	-0.172541	-0.169057	-0.169982	-0.170009	-0.219467
9.119382371	-0.289883	-0.162732	-0.169732	-0.169997	-0.170007	-0.168158	-0.172546	-0.169065	-0.169981	-0.170009	-0.21945
9.140068227	-0.291974	-0.162663	-0.169727	-0.169997	-0.170007	-0.168143	-0.172553	-0.169073	-0.169981	-0.170008	-0.21943
9.1593107	-0.293914	-0.162599	-0.169722	-0.169997	-0.170007	-0.168129	-0.172559	-0.16908	-0.169981	-0.170007	-0.21941
9.179021229	-0.295894	-0.162535	-0.169716	-0.169997	-0.170007	-0.168115	-0.172566	-0.169088	-0.169981	-0.170007	-0.219388
9.199281213	-0.297922	-0.162468	-0.169711	-0.169997	-0.170007	-0.168101	-0.172573	-0.169097	-0.169981	-0.170006	-0.219364
9.219818948	-0.29997	-0.162401	-0.169705	-0.169997	-0.170007	-0.168086	-0.172581	-0.169105	-0.16998	-0.170005	-0.219338
9.240002037	-0.301973	-0.162335	-0.169699	-0.169997	-0.170007	-0.168073	-0.172589	-0.169113	-0.16998	-0.170004	-0.219311
9.259953494	-0.303944	-0.162271	-0.169693	-0.169997	-0.170007	-0.168059	-0.172597	-0.169122	-0.16998	-0.170004	-0.219284
9.279792048	-0.305893	-0.162207	-0.169687	-0.169997	-0.170007	-0.168046	-0.172606	-0.16913	-0.16998	-0.170003	-0.219257
9.299630602	-0.307832	-0.162144	-0.169681	-0.169997	-0.170007	-0.168034	-0.172614	-0.169138	-0.16998	-0.170002	-0.219229
9.319593148	-0.309772	-0.162081	-0.169675	-0.169997	-0.170007	-0.168021	-0.172623	-0.169147	-0.169979	-0.170001	-0.2192
9.33975767	-0.311718	-0.162017	-0.169669	-0.169996	-0.170007	-0.168009	-0.172632	-0.169155	-0.169979	-0.17	-0.219171
9.360205973	-0.313678	-0.161953	-0.169663	-0.169996	-0.170007	-0.167996	-0.172641	-0.169164	-0.169979	-0.169999	-0.219142
9.380959708	-0.315653	-0.161889	-0.169656	-0.169996	-0.170007	-0.167984	-0.17265	-0.169172	-0.169979	-0.169998	-0.219112
9.399880849	-0.317439	-0.161831	-0.16965	-0.169996	-0.170007	-0.167973	-0.172658	-0.16918	-0.169979	-0.169997	-0.219084
9.419052601	-0.319236	-0.161773	-0.169643	-0.169996	-0.170006	-0.167962	-0.172667	-0.169188	-0.169978	-0.169996	-0.219057
9.440354548	-0.321214	-0.161709	-0.169636	-0.169996	-0.170006	-0.16795	-0.172676	-0.169196	-0.169978	-0.169994	-0.219027
9.459526301	-0.322978	-0.161652	-0.16963	-0.169996	-0.170006	-0.16794	-0.172685	-0.169204	-0.169978	-0.169993	-0.219
9.480828248	-0.32492	-0.161589	-0.169622	-0.169996	-0.170006	-0.167929	-0.172694	-0.169211	-0.169978	-0.169992	-0.218971
9.5	-0.326649	-0.161533	-0.169615	-0.169996	-0.170006	-0.167919	-0.172702	-0.169218	-0.169977	-0.169991	-0.218946
9.520431964	-0.328473	-0.161475	-0.169608	-0.169995	-0.170006	-0.167909	-0.17271	-0.169225	-0.169977	-0.169989	-0.218921
9.540461561	-0.330241	-0.161418	-0.169601	-0.169995	-0.170006	-0.167899	-0.172718	-0.169231	-0.169977	-0.169988	-0.218898
9.559922638	-0.331939	-0.161364	-0.169594	-0.169995	-0.170006	-0.16789	-0.172726	-0.169236	-0.169977	-0.169986	-0.218877
9.580695616	-0.33373	-0.161307	-0.169586	-0.169995	-0.170006	-0.167881	-0.172733	-0.169241	-0.169976	-0.169985	-0.218856
9.599091909	-0.335296	-0.161257	-0.169579	-0.169995	-0.170006	-0.167873	-0.17274	-0.169245	-0.169976	-0.169983	-0.21884
9.620605245	-0.337104	-0.161199	-0.169571	-0.169995	-0.170006	-0.167864	-0.172747	-0.169249	-0.169976	-0.169982	-0.218823
9.64020914	-0.338727	-0.161148	-0.169563	-0.169995	-0.170006	-0.167856	-0.172754	-0.169253	-0.169976	-0.16998	-0.21881
9.659799371	-0.340327	-0.161098	-0.169555	-0.169994	-0.170006	-0.167849	-0.17276	-0.169255	-0.169975	-0.169978	-0.218799
9.68054256	-0.341996	-0.161046	-0.169547	-0.169994	-0.170006	-0.167841	-0.172766	-0.169257	-0.169975	-0.169976	-0.218789
9.699979418	-0.343535	-0.160998	-0.169539	-0.169994	-0.170006	-0.167835	-0.172771	-0.169258	-0.169975	-0.169974	-0.218783
9.720174529	-0.345107	-0.160949	-0.16953	-0.169994	-0.170006	-0.167828	-0.172776	-0.169259	-0.169975	-0.169972	-0.218779
9.739833269	-0.346612	-0.160903	-0.169522	-0.169994	-0.170006	-0.167822	-0.172781	-0.169259	-0.169974	-0.16997	-0.218778
9.76041259	-0.34816	-0.160855	-0.169513	-0.169994	-0.170006	-0.167816	-0.172785	-0.169258	-0.169974	-0.169968	-0.21878
9.780217544	-0.349621	-0.160811	-0.169505	-0.169994	-0.170006	-0.16781	-0.172789	-0.169256	-0.169974	-0.169966	-0.218784
9.800388928	-0.35108	-0.160767	-0.169496	-0.169993	-0.170006	-0.167805	-0.172793	-0.169254	-0.169974	-0.169964	-0.218792
9.820491196	-0.352504	-0.160724	-0.169487	-0.169993	-0.170006	-0.1678	-0.172796	-0.169251	-0.169973	-0.169961	-0.218802
9.840310874	-0.353878	-0.160684	-0.169478	-0.169993	-0.170006	-0.167795	-0.172798	-0.169247	-0.169973	-0.169959	-0.218815
9.860404527	-0.355241	-0.160644	-0.169468	-0.169993	-0.170005	-0.167791	-0.172801	-0.169243	-0.169973	-0.169956	-0.218832
9.879970095	-0.356537	-0.160606	-0.169459	-0.169993	-0.170005	-0.167787	-0.172803	-0.169239	-0.169972	-0.169954	-0.218852
9.899956941	-0.357829	-0.160569	-0.16945	-0.169992	-0.170005	-0.167784	-0.172805	-0.169234	-0.169972	-0.169951	-0.218875
9.919833264	-0.359081	-0.160534	-0.16944	-0.169992	-0.170005	-0.167781	-0.172806	-0.169229	-0.169972	-0.169948	-0.218903
9.940193038	-0.36033	-0.160499	-0.16943	-0.169992	-0.170005	-0.167778	-0.172807	-0.169223	-0.169972	-0.169946	-0.218933
9.96029895	-0.361527	-0.160467	-0.16942	-0.169992	-0.170005	-0.167776	-0.172808	-0.169218	-0.169971	-0.169943	-0.218966
9.979871731	-0.36266	-0.160437	-0.16941	-0.169992	-0.170005	-0.167774	-0.172808	-0.169212	-0.169971	-0.16994	-0.219
10	-0.363788	-0.160407	-0.1694	-0.169991	-0.170005	-0.167772	-0.172808	-0.169206	-0.169971	-0.169936	-0.219036
