/*--------------------------------*- C++ -*----------------------------------*\
| =========                 |                                                 |
| \\      /  F ield         | OpenFOAM: The Open Source CFD Toolbox           |
|  \\    /   O peration     | Version:  v1912                                 |
|   \\  /    A nd           | Website:  www.openfoam.com                      |
|    \\/     M anipulation  |                                                 |
\*---------------------------------------------------------------------------*/
FoamFile
{
    version	2.0;
    format	ascii;
    class	dictionary;
    object	waveProperties;
}
// * * * * * * * * * * * * * * * * * * * * * * * * * * * * * * * * * * * * * //

seaLevel            1.97;

seaLevelAsReference true;

relaxationNames     ( inlet );

initializationName  init;

inletCoeffs
{
    waveType            irregular;
    spectrum            JONSWAP;
    N                   200;
    Tsoft               17.74;
    Hs                  5.99;
    Tp                  8.87;
    gamma               3.3;
    depth               16.97;
    direction           ( 1 0 0 );
    spectramValues  nonuniform List<scalar> 
201
(
1.68469e-40
3.09554e-33
1.89482e-27
8.4824e-23
4.97778e-19
5.93493e-16
2.00487e-13
2.47606e-11
1.36175e-09
3.89e-08
6.51493e-07
7.04158e-06
5.30294e-05
0.000295939
0.00128637
0.00453529
0.0134068
0.0341489
0.076656
0.154515
0.284079
0.482655
0.766218
1.14717
1.63268
2.22381
2.91556
3.69779
4.55666
5.47648
6.44174
7.43911
8.45931
9.49861
10.5599
11.6531
12.795
14.0087
15.3219
16.7651
18.3693
20.1633
22.1703
24.4047
26.8686
29.5488
32.4153
35.4208
38.5031
41.5889
44.6004
47.462
50.107
52.4833
54.5567
56.3118
57.7514
58.8931
59.766
60.4066
60.8545
61.1499
61.3307
61.4307
61.4782
61.4958
61.5002
61.5001
61.4986
61.4923
61.4753
61.4396
61.3747
61.2682
61.1057
60.871
60.5465
60.1139
59.5546
58.8507
57.9858
56.9462
55.7219
54.3078
52.7045
50.9194
48.9664
46.8664
44.6464
42.3385
39.9781
37.6025
35.2484
32.9503
30.739
28.6399
26.6728
24.8509
23.1816
21.667
20.304
19.0861
18.0035
17.0446
16.1964
15.4454
14.7781
14.1813
13.643
13.1518
12.6982
12.2736
11.8713
11.4858
11.1128
10.7495
10.3937
10.0443
9.70047
9.36207
9.0291
8.70179
8.38045
8.06542
7.75706
7.45569
7.16161
6.87508
6.59629
6.32543
6.06261
5.80792
5.5614
5.32307
5.09291
4.87087
4.65687
4.45082
4.25261
4.06208
3.8791
3.70349
3.53508
3.37368
3.2191
3.07114
2.9296
2.79425
2.66491
2.54136
2.42338
2.31078
2.20334
2.10087
2.00317
1.91003
1.82128
1.73672
1.65618
1.57947
1.50644
1.4369
1.37072
1.30772
1.24776
1.19071
1.13642
1.08476
1.03562
0.988853
0.944362
0.902032
0.861757
0.823436
0.786974
0.752279
0.719262
0.687842
0.657937
0.629474
0.602379
0.576585
0.552025
0.52864
0.506369
0.485157
0.46495
0.445699
0.427356
0.409874
0.393212
0.377327
0.362182
0.347739
0.333964
0.320823
0.308285
0.29632
0.284899
0.273996
0.263586
)
;

    fspectrum       nonuniform List<scalar> 
201
(
0.0375799
0.0393418
0.0411028
0.0428618
0.0446179
0.0463702
0.0481176
0.0498593
0.0515941
0.0533213
0.0550399
0.0567488
0.0584472
0.0601341
0.0618087
0.0634699
0.0651169
0.0667487
0.0683646
0.0699635
0.0715446
0.073107
0.0746499
0.0761724
0.0776738
0.079153
0.0806095
0.0820423
0.0834506
0.0848337
0.0861909
0.0875213
0.0888243
0.0900992
0.0913451
0.0925615
0.0937477
0.0949031
0.0960269
0.0971186
0.0981775
0.0992032
0.100195
0.101152
0.102075
0.102962
0.103813
0.104627
0.105405
0.106146
0.106849
0.107513
0.10814
0.108727
0.109276
0.109785
0.110254
0.110683
0.111073
0.111421
0.11173
0.111997
0.112224
0.112409
0.112554
0.112657
0.11274
0.112755
0.112802
0.112879
0.112987
0.113127
0.113297
0.113498
0.11373
0.113993
0.114287
0.114612
0.114967
0.115353
0.115769
0.116216
0.116694
0.117202
0.11774
0.118309
0.118908
0.119537
0.120196
0.120885
0.121604
0.122353
0.123131
0.123939
0.124777
0.125643
0.126539
0.127464
0.128418
0.129401
0.130412
0.131453
0.132521
0.133618
0.134743
0.135895
0.137076
0.138284
0.13952
0.140783
0.142073
0.14339
0.144734
0.146104
0.147501
0.148924
0.150373
0.151848
0.153349
0.154875
0.156426
0.158002
0.159603
0.161228
0.162878
0.164551
0.166249
0.16797
0.169715
0.171483
0.173274
0.175087
0.176923
0.178781
0.180661
0.182562
0.184485
0.186429
0.188394
0.19038
0.192386
0.194411
0.196457
0.198522
0.200606
0.20271
0.204832
0.206972
0.20913
0.211306
0.213499
0.21571
0.217937
0.220181
0.222441
0.224717
0.227009
0.229315
0.231637
0.233974
0.236325
0.238689
0.241068
0.24346
0.245865
0.248282
0.250712
0.253154
0.255608
0.258073
0.260549
0.263035
0.265532
0.268039
0.270556
0.273082
0.275617
0.27816
0.280712
0.283272
0.285839
0.288413
0.290994
0.293582
0.296176
0.298775
0.301381
0.303991
0.306605
0.309225
0.311848
0.314474
0.317105
0.319737
0.322373
0.325011
0.32765
0.330291
0.332933
0.335576
0.338219
)
;

    amplitude           nonuniform List<scalar>
    200
    (
        2.33541e-18
        1.82667e-15
        3.86279e-13
        2.95688e-11
        1.02021e-09
        1.8745e-08
        2.08502e-07
        1.55095e-06
        8.33904e-06
        3.44451e-05
        0.00011466
        0.000319413
        0.000767259
        0.00162777
        0.00310983
        0.00543604
        0.00880931
        0.0133806
        0.0192255
        0.0263337
        0.0346117
        0.0438964
        0.0539741
        0.0646023
        0.0755304
        0.0865167
        0.0973422
        0.10782
        0.117801
        0.127181
        0.135896
        0.143929
        0.151305
        0.158089
        0.164378
        0.170294
        0.175974
        0.181555
        0.18716
        0.192889
        0.1988
        0.204905
        0.211163
        0.217477
        0.223699
        0.22964
        0.23508
        0.239787
        0.243535
        0.246123
        0.247385
        0.247203
        0.245511
        0.24229
        0.237561
        0.231375
        0.223801
        0.214905
        0.204741
        0.193332
        0.180649
        0.166589
        0.150927
        0.133234
        0.112664
        0.1008
        0.043652
        0.0756052
        0.0975984
        0.115461
        0.13088
        0.144618
        0.157085
        0.168524
        0.179083
        0.188851
        0.197877
        0.206181
        0.213762
        0.220605
        0.226686
        0.231973
        0.236433
        0.240037
        0.242761
        0.244592
        0.245531
        0.245597
        0.244826
        0.243272
        0.241009
        0.238128
        0.234733
        0.230936
        0.226856
        0.22261
        0.21831
        0.214059
        0.209945
        0.206041
        0.202404
        0.199069
        0.196055
        0.193366
        0.190988
        0.188896
        0.187055
        0.185426
        0.183962
        0.18262
        0.181356
        0.180132
        0.178913
        0.177671
        0.176384
        0.175037
        0.173619
        0.172124
        0.17055
        0.168897
        0.167168
        0.165366
        0.163495
        0.161562
        0.159571
        0.157528
        0.155439
        0.153308
        0.151141
        0.148942
        0.146718
        0.144472
        0.142208
        0.139932
        0.137647
        0.135356
        0.133064
        0.130773
        0.128487
        0.126209
        0.123941
        0.121686
        0.119446
        0.117223
        0.11502
        0.112839
        0.110679
        0.108545
        0.106435
        0.104353
        0.102298
        0.100272
        0.0982757
        0.0963094
        0.094374
        0.0924699
        0.0905974
        0.0887569
        0.0869487
        0.0851728
        0.0834294
        0.0817184
        0.0800399
        0.0783937
        0.0767798
        0.0751979
        0.0736477
        0.0721292
        0.0706418
        0.0691854
        0.0677596
        0.0663639
        0.0649981
        0.0636616
        0.0623541
        0.0610751
        0.0598242
        0.0586009
        0.0574047
        0.0562351
        0.0550917
        0.053974
        0.0528815
        0.0518136
        0.05077
        0.0497501
        0.0487534
        0.0477794
        0.0468277
        0.0458978
        0.0449891
        0.0441013
        0.0432339
        0.0423864
        0.0415583
        0.0407493
        0.0399588
        0.0391865
        0.0384318
        0.0376945
    );
    frequency           nonuniform List<scalar>
    200
    (
        0.0384608
        0.0402223
        0.0419823
        0.0437399
        0.0454941
        0.0472439
        0.0489884
        0.0507267
        0.0524577
        0.0541806
        0.0558943
        0.057598
        0.0592907
        0.0609714
        0.0626393
        0.0642934
        0.0659328
        0.0675566
        0.069164
        0.070754
        0.0723258
        0.0738784
        0.0754112
        0.0769231
        0.0784134
        0.0798813
        0.0813259
        0.0827464
        0.0841422
        0.0855123
        0.0868561
        0.0881728
        0.0894618
        0.0907221
        0.0919533
        0.0931546
        0.0943254
        0.095465
        0.0965727
        0.097648
        0.0986904
        0.0996991
        0.100674
        0.101614
        0.102518
        0.103387
        0.10422
        0.105016
        0.105776
        0.106497
        0.107181
        0.107827
        0.108433
        0.109001
        0.10953
        0.110019
        0.110469
        0.110878
        0.111247
        0.111576
        0.111863
        0.11211
        0.112317
        0.112482
        0.112605
        0.112698
        0.112747
        0.112778
        0.11284
        0.112933
        0.113057
        0.113212
        0.113398
        0.113614
        0.113862
        0.11414
        0.114449
        0.114789
        0.11516
        0.115561
        0.115993
        0.116455
        0.116948
        0.117471
        0.118025
        0.118609
        0.119223
        0.119867
        0.120541
        0.121245
        0.121979
        0.122742
        0.123535
        0.124358
        0.12521
        0.126091
        0.127002
        0.127941
        0.12891
        0.129907
        0.130932
        0.131987
        0.133069
        0.13418
        0.135319
        0.136486
        0.13768
        0.138902
        0.140151
        0.141428
        0.142732
        0.144062
        0.145419
        0.146803
        0.148213
        0.149649
        0.151111
        0.152598
        0.154112
        0.15565
        0.157214
        0.158802
        0.160415
        0.162053
        0.163715
        0.1654
        0.16711
        0.168843
        0.170599
        0.172378
        0.17418
        0.176005
        0.177852
        0.179721
        0.181612
        0.183524
        0.185457
        0.187412
        0.189387
        0.191383
        0.193399
        0.195434
        0.19749
        0.199564
        0.201658
        0.203771
        0.205902
        0.208051
        0.210218
        0.212402
        0.214604
        0.216823
        0.219059
        0.221311
        0.223579
        0.225863
        0.228162
        0.230476
        0.232806
        0.235149
        0.237507
        0.239879
        0.242264
        0.244662
        0.247073
        0.249497
        0.251933
        0.254381
        0.25684
        0.259311
        0.261792
        0.264284
        0.266786
        0.269298
        0.271819
        0.274349
        0.276888
        0.279436
        0.281992
        0.284555
        0.287126
        0.289704
        0.292288
        0.294879
        0.297476
        0.300078
        0.302686
        0.305298
        0.307915
        0.310536
        0.313161
        0.31579
        0.318421
        0.321055
        0.323692
        0.32633
        0.32897
        0.331612
        0.334254
        0.336897
    );
    phaselag            nonuniform List<scalar>
    200
    (
        1.12089
        2.51125
        1.04677
        1.3328
        0.389154
        0.340234
        1.73206
        0.300068
        2.01711
        1.71364
        2.31056
        1.39717
        1.38015
        1.26755
        0.277187
        2.16091
        4.06933
        0.939111
        0.186408
        5.51974
        4.11812
        3.31528
        3.17839
        5.75346
        1.18177
        0.748679
        0.365033
        4.52345
        4.00575
        5.53452
        2.58905
        5.12664
        1.76258
        3.63582
        0.176257
        2.15173
        3.97605
        1.90831
        2.4518
        5.99316
        3.62195
        4.76236
        1.10715
        5.0021
        6.02991
        1.38434
        0.879825
        3.81606
        2.32345
        1.06623
        3.05261
        0.158378
        4.38152
        6.231
        5.91184
        5.56329
        0.696498
        6.27687
        3.80355
        4.70225
        5.52821
        0.109411
        3.5457
        1.0076
        3.74523
        3.72196
        3.15933
        1.4381
        5.63028
        5.61114
        1.14807
        2.96904
        4.09031
        2.25522
        1.68795
        3.83704
        3.63956
        2.56778
        1.36991
        5.963
        3.63401
        4.42252
        6.12138
        1.73234
        4.37034
        5.75004
        1.01244
        5.06684
        5.74372
        4.81599
        3.4859
        4.98874
        4.92541
        0.748423
        5.99634
        2.38745
        4.47038
        2.87249
        3.82554
        3.81748
        2.20044
        4.97362
        0.503333
        0.00756762
        0.945652
        2.19129
        3.84461
        4.58521
        4.75906
        5.21452
        4.26503
        2.10989
        3.35386
        4.10322
        3.84223
        1.44102
        3.57007
        4.85467
        0.224672
        3.03061
        3.38748
        3.71058
        1.73617
        2.0297
        4.459
        1.44932
        4.41715
        2.6462
        4.32181
        1.95951
        0.180489
        0.23907
        0.649941
        0.683822
        0.246637
        1.59559
        2.87511
        4.09125
        6.1808
        1.35099
        3.02258
        4.16264
        3.46087
        0.0932557
        1.98268
        1.01992
        1.53427
        5.55275
        5.87459
        1.75895
        2.30018
        2.97889
        5.46952
        4.03634
        5.00859
        3.64533
        5.48566
        3.14256
        0.0083477
        3.52429
        5.10206
        0.188836
        3.76336
        5.75201
        0.872658
        4.01
        1.06441
        3.74777
        1.81806
        0.96203
        5.09875
        4.84064
        5.12467
        2.27644
        4.93389
        0.824169
        3.29636
        0.184981
        0.0937355
        2.88776
        1.94393
        2.39391
        5.86665
        1.13026
        0.147066
        4.59205
        4.7756
        5.63273
        1.45142
        4.78395
        2.87383
        0.270303
        4.97278
        0.354007
        6.02231
        5.84544
        4.364
        0.803537
        3.31002
        6.18206
    );
    waveNumber          nonuniform List<vector>
    200
    (
        (0.0190506 0 0)
        (0.0199552 0 0)
        (0.0208635 0 0)
        (0.0217752 0 0)
        (0.02269 0 0)
        (0.0236076 0 0)
        (0.0245276 0 0)
        (0.0254498 0 0)
        (0.0263737 0 0)
        (0.0272991 0 0)
        (0.0282256 0 0)
        (0.0291528 0 0)
        (0.0300803 0 0)
        (0.0310078 0 0)
        (0.0319347 0 0)
        (0.0328607 0 0)
        (0.0337853 0 0)
        (0.034708 0 0)
        (0.0356284 0 0)
        (0.0365459 0 0)
        (0.0374601 0 0)
        (0.0383704 0 0)
        (0.0392762 0 0)
        (0.0401769 0 0)
        (0.041072 0 0)
        (0.0419609 0 0)
        (0.0428429 0 0)
        (0.0437174 0 0)
        (0.0445837 0 0)
        (0.0454411 0 0)
        (0.0462889 0 0)
        (0.0471265 0 0)
        (0.047953 0 0)
        (0.0487678 0 0)
        (0.04957 0 0)
        (0.050359 0 0)
        (0.051134 0 0)
        (0.0518941 0 0)
        (0.0526386 0 0)
        (0.0533668 0 0)
        (0.0540777 0 0)
        (0.0547706 0 0)
        (0.0554448 0 0)
        (0.0560993 0 0)
        (0.0567336 0 0)
        (0.0573467 0 0)
        (0.0579379 0 0)
        (0.0585066 0 0)
        (0.0590518 0 0)
        (0.059573 0 0)
        (0.0600694 0 0)
        (0.0605404 0 0)
        (0.0609854 0 0)
        (0.0614036 0 0)
        (0.0617946 0 0)
        (0.0621577 0 0)
        (0.0624924 0 0)
        (0.0627984 0 0)
        (0.063075 0 0)
        (0.063322 0 0)
        (0.0635389 0 0)
        (0.0637254 0 0)
        (0.0638813 0 0)
        (0.0640063 0 0)
        (0.0641002 0 0)
        (0.0641707 0 0)
        (0.064208 0 0)
        (0.0642315 0 0)
        (0.0642786 0 0)
        (0.0643493 0 0)
        (0.0644436 0 0)
        (0.0645615 0 0)
        (0.0647032 0 0)
        (0.0648688 0 0)
        (0.0650582 0 0)
        (0.0652717 0 0)
        (0.0655094 0 0)
        (0.0657714 0 0)
        (0.0660579 0 0)
        (0.066369 0 0)
        (0.066705 0 0)
        (0.067066 0 0)
        (0.0674523 0 0)
        (0.0678641 0 0)
        (0.0683017 0 0)
        (0.0687653 0 0)
        (0.0692553 0 0)
        (0.0697719 0 0)
        (0.0703156 0 0)
        (0.0708866 0 0)
        (0.0714853 0 0)
        (0.0721122 0 0)
        (0.0727676 0 0)
        (0.073452 0 0)
        (0.0741659 0 0)
        (0.0749097 0 0)
        (0.075684 0 0)
        (0.0764893 0 0)
        (0.0773262 0 0)
        (0.0781952 0 0)
        (0.0790971 0 0)
        (0.0800323 0 0)
        (0.0810017 0 0)
        (0.0820059 0 0)
        (0.0830456 0 0)
        (0.0841216 0 0)
        (0.0852347 0 0)
        (0.0863857 0 0)
        (0.0875755 0 0)
        (0.0888049 0 0)
        (0.0900748 0 0)
        (0.0913862 0 0)
        (0.0927401 0 0)
        (0.0941373 0 0)
        (0.095579 0 0)
        (0.0970661 0 0)
        (0.0985997 0 0)
        (0.100181 0 0)
        (0.101811 0 0)
        (0.103491 0 0)
        (0.105221 0 0)
        (0.107004 0 0)
        (0.10884 0 0)
        (0.110731 0 0)
        (0.112677 0 0)
        (0.114679 0 0)
        (0.11674 0 0)
        (0.118859 0 0)
        (0.121039 0 0)
        (0.123279 0 0)
        (0.125582 0 0)
        (0.127949 0 0)
        (0.130379 0 0)
        (0.132875 0 0)
        (0.135437 0 0)
        (0.138066 0 0)
        (0.140763 0 0)
        (0.143529 0 0)
        (0.146365 0 0)
        (0.14927 0 0)
        (0.152247 0 0)
        (0.155295 0 0)
        (0.158415 0 0)
        (0.161607 0 0)
        (0.164872 0 0)
        (0.168211 0 0)
        (0.171623 0 0)
        (0.175109 0 0)
        (0.178669 0 0)
        (0.182304 0 0)
        (0.186012 0 0)
        (0.189796 0 0)
        (0.193654 0 0)
        (0.197587 0 0)
        (0.201595 0 0)
        (0.205678 0 0)
        (0.209835 0 0)
        (0.214068 0 0)
        (0.218375 0 0)
        (0.222756 0 0)
        (0.227213 0 0)
        (0.231743 0 0)
        (0.236349 0 0)
        (0.241028 0 0)
        (0.245782 0 0)
        (0.25061 0 0)
        (0.255511 0 0)
        (0.260486 0 0)
        (0.265535 0 0)
        (0.270658 0 0)
        (0.275853 0 0)
        (0.281122 0 0)
        (0.286463 0 0)
        (0.291876 0 0)
        (0.297362 0 0)
        (0.30292 0 0)
        (0.30855 0 0)
        (0.31425 0 0)
        (0.320022 0 0)
        (0.325865 0 0)
        (0.331777 0 0)
        (0.33776 0 0)
        (0.343812 0 0)
        (0.349932 0 0)
        (0.356122 0 0)
        (0.362379 0 0)
        (0.368704 0 0)
        (0.375095 0 0)
        (0.381553 0 0)
        (0.388076 0 0)
        (0.394664 0 0)
        (0.401317 0 0)
        (0.408033 0 0)
        (0.414811 0 0)
        (0.421652 0 0)
        (0.428554 0 0)
        (0.435517 0 0)
        (0.442539 0 0)
        (0.449619 0 0)
        (0.456757 0 0)
    );

    frequencyAxis
    {
        discretisation      cosineStretchedFrequencyAxis;
        lowerFrequencyCutoff 0.0375799;
        upperFrequencyCutoff 0.338219;
        writeSpectrum       true;
    }

    relaxationZone
    {
        relaxationScheme    Spatial;
        relaxationShape     Rectangular;
        beachType           Empty;
        relaxType           INLET;
        startX              ( 0 0 -1 );
        endX                ( 400 0 1 );
        orientation         ( 1 0 0 );
        fieldNames          ( alpha.water U );
    }
}

initCoeffs
{
    waveType            potentialCurrent;
    U                   ( 0 0 0 );
    Tsoft               17.74;
}



// ************************************************************************* //
